0.03713522153546666	0.0
0.03828390168617617	1.0
0.039383127739492735	2.0
0.0404505733004288	3.0
0.041495485226941194	4.0
0.042523698210713966	5.0
0.04353932286993023	6.0
0.044545707053821035	7.0
0.04554410076961791	8.0
0.046535002732472575	9.0
0.047523083519572636	10.0
0.04850872747493846	11.0
0.04949029002608271	12.0
0.050470416022911406	13.0
0.0514489157050042	14.0
0.0524267239961912	15.0
0.05340260279408338	16.0
0.054379822337626234	17.0
0.05535734679010795	18.0
0.05633701159046153	19.0
0.05731691054310444	20.0
0.05829792669115816	21.0
0.05928053163266309	22.0
0.06026463834980689	23.0
0.061250654340589836	24.0
0.0622387315839442	25.0
0.06322884758658229	26.0
0.06422117887099583	27.0
0.06521582976111207	28.0
0.06621289392978248	29.0
0.06721245551997296	30.0
0.06821459008304037	31.0
0.06921936541099727	32.0
0.0702268422702906	33.0
0.07123707505032649	34.0
0.0722501123382277	35.0
0.07326599742971984	36.0
0.07428476878461074	37.0
0.07530646043409601	38.0
0.07633110234608348	39.0
0.07735872075382287	40.0
0.07838933845239444	41.0
0.079422975066957	42.0
0.0804596472961352	43.0
0.08149936913344989	44.0
0.08254215206933167	45.0
0.08358800527590063	46.0
0.08463693577644568	47.0
0.0856889486012624	48.0
0.08674404693132763	49.0
0.0878022322310942	50.0
0.0888635043715468	51.0
0.08992786174451375	52.0
0.0909953013691309	53.0
0.09206581899123234	54.0
0.09313940917637682	55.0
0.09421606539712653	56.0
0.09529578011512871	57.0
0.09637854485850758	58.0
0.09746435029499605	59.0
0.09855318630121682	60.0
0.09964504202846479	61.0
0.10073990596531493	62.0
0.1018377659973436	63.0
0.10293860946423193	64.0
0.10404242321448014	65.0
0.10514919365795565	66.0
0.10625890887720377	67.0
0.10737154952207877	68.0
0.10848419016695376	69.0
0.1096055583294676	70.0
0.11072692649198143	71.0
0.11184829465449526	72.0
0.11297816392586718	73.0
0.1141080331972391	74.0
0.11523790246861101	75.0
0.11637631020402102	76.0
0.11751471793943102	77.0
0.11865312567484103	78.0
0.11979958218368476	79.0
0.1209460386925285	80.0
0.12209249520137223	81.0
0.12324756842901735	82.0
0.12440264165666247	83.0
0.1255577148843076	84.0
0.1267127881119527	85.0
0.12788265132265286	86.0
0.12905251453335304	87.0
0.1302223777440532	88.0
0.1313868206930063	89.0
0.1325512636419594	90.0
0.13373600641104802	91.0
0.13492074918013663	92.0
0.136095561918982	93.0
0.13727037465782738	94.0
0.13846539577329275	95.0
0.13966041688875813	96.0
0.1408554380042235	97.0
0.14203930129777403	98.0
0.14322316459132456	99.0
0.14443458866782438	100.0
0.1456460127443242	101.0
0.14683999788499832	102.0
0.14803398302567244	103.0
0.14925549338357502	104.0
0.1504770037414776	105.0
0.15168108920966608	106.0
0.15288517467785456	107.0
0.15411678498070303	108.0
0.1553483952835515	109.0
0.15656263113498128	110.0
0.15777686698641108	111.0
0.15899110283784088	112.0
0.16025052029801193	113.0
0.16150993775818298	114.0
0.1627220043375691	115.0
0.1639340709169552	116.0
0.16520391007311566	117.0
0.16647374922927613	118.0
0.16769640748898132	119.0
0.1689190657486865	120.0
0.1701996169286374	121.0
0.17148016810858827	122.0
0.17271377839308824	123.0
0.17394738867758822	124.0
0.17523907176661055	125.0
0.17653075485563288	126.0
0.17777580418462527	127.0
0.17902085351361766	128.0
0.18032422351991914	129.0
0.18162759352622063	130.0
0.1828847144241416	131.0
0.18414183532206255	132.0
0.18545760277397325	133.0
0.18677337022588394	134.0
0.18804336311238937	135.0
0.1893133559988948	136.0
0.19062463749672814	137.0
0.1919359189945615	138.0
0.19324720049239485	139.0
0.1945487196043651	140.0
0.19585023871633533	141.0
0.1971831162357889	142.0
0.19851599375524248	143.0
0.19983300791515599	144.0
0.2011500220750695	145.0
0.20249912951508092	146.0
0.20384823695509235	147.0
0.20518234686210268	148.0
0.206516456769113	149.0
0.20788356039177575	150.0
0.20925066401443848	151.0
0.21060382561603086	152.0
0.21195698721762324	153.0
0.21334424054364243	154.0
0.21473149386966162	155.0
0.21610609383636264	156.0
0.21748069380306367	157.0
0.2188907283323328	158.0
0.22030076286160194	159.0
0.22171079739087107	160.0
0.22311386287603777	161.0
0.22453474558365843	162.0
0.2259556282912791	163.0
0.22737651099889977	164.0
0.22879739370652044	165.0
0.23029066218292768	166.0
0.23178393065933492	167.0
0.23327719913574216	168.0
0.23469176166166003	169.0
0.2361765883343787	170.0
0.2376614150070974	171.0
0.23900163862712925	172.0
0.24051137612864407	173.0
0.24202111363015888	174.0
0.2435308511316737	175.0
0.24508834362684348	176.0
0.24664583612201327	177.0
0.24820332861718306	178.0
0.24976082111235284	179.0
0.25131831360752266	180.0
0.25287580610269245	181.0
0.2545881371639519	182.0
0.25630046822521135	183.0
0.25787232088043266	184.0
0.25944417353565397	185.0
0.2612257872594478	186.0
0.2630074009832416	187.0
0.2647890147070354	188.0
0.26640570939813346	189.0
0.2680224040892315	190.0
0.26997222327714504	191.0
0.2719220424650586	192.0
0.27364763124330416	193.0
0.27537322002154974	194.0
0.27744457703651365	195.0
0.27951593405147757	196.0
0.28138816058925414	197.0
0.2832603871270307	198.0
0.28534482397551897	199.0
0.2874292608240072	200.0
0.28913592974609703	201.0
0.29130030936972184	202.0
0.29346468899334666	203.0
0.2958104118260489	204.0
0.2981561346587511	205.0
0.30050185749145336	206.0
0.30312007566295557	207.0
0.3057382938344578	208.0
0.30835651200596	209.0
0.3113874196476497	210.0
0.31441832728933944	211.0
0.31744923493102917	212.0
0.32139025555034634	213.0
0.3253312761696635	214.0
0.3306747457727373	215.0
0.3360182153758111	216.0
0.37740553769056356	216.0
0.38244279084098015	215.0
0.38748004399139674	214.0
0.3923728258745134	213.0
0.39726560775763003	212.0
0.40094543136762695	211.0
0.40462525497762386	210.0
0.4083050785876208	209.0
0.41144655160104576	208.0
0.41458802461447075	207.0
0.41772949762789574	206.0
0.4204896643526979	205.0
0.4232498310775001	204.0
0.42600999780230225	203.0
0.4285523564440387	202.0
0.4310947150857752	201.0
0.4340598302460644	200.0
0.43644890174338685	199.0
0.4388379732407093	198.0
0.4412144892235026	197.0
0.4435910052062959	196.0
0.4456462531430462	195.0
0.44770150107979645	194.0
0.44996168539073655	193.0
0.45222186970167666	192.0
0.45417436802834193	191.0
0.4561268663550072	190.0
0.45829891219616675	189.0
0.4604709580373263	188.0
0.46240765287479696	187.0
0.4643443477122676	186.0
0.4662810425497383	185.0
0.4682949635052495	184.0
0.47030888446076075	183.0
0.47219077428616346	182.0
0.4740726641115662	181.0
0.4759816510395256	180.0
0.47789063796748504	179.0
0.4797996248954445	178.0
0.4817086118234039	177.0
0.48361759875136334	176.0
0.4855265856793228	175.0
0.487376619569482	174.0
0.48922665345964117	173.0
0.49107668734980037	172.0
0.4929261935980977	171.0
0.4947617589627478	170.0
0.49659732432739795	169.0
0.4984162755962509	168.0
0.5002488865311059	167.0
0.5020814974659609	166.0
0.5039141084008159	165.0
0.5057275809696093	164.0
0.5075410535384028	163.0
0.5093545261071963	162.0
0.5111679986759898	161.0
0.5129229338402672	160.0
0.5147622376111258	159.0
0.5166015413819844	158.0
0.518440845152843	157.0
0.520221054836021	156.0
0.5220012645191989	155.0
0.5238407124865503	154.0
0.5256801604539016	153.0
0.5274624731263907	152.0
0.5292447857988798	151.0
0.531088191582601	150.0
0.5329315973663222	149.0
0.5347196545186003	148.0
0.5365077116708783	147.0
0.5383585387554525	146.0
0.5402093658400267	145.0
0.5420064957672532	144.0
0.5438036256944798	143.0
0.5456650612014601	142.0
0.5475264967084403	141.0
0.5493357693824834	140.0
0.5511450420565265	139.0
0.5530064023949302	138.0
0.5548677627333338	137.0
0.5567291230717375	136.0
0.5585983095853846	135.0
0.5604674960990317	134.0
0.5623221601290525	133.0
0.5641768241590732	132.0
0.5660643736375455	131.0
0.5679519231160177	130.0
0.5698263038056012	129.0
0.5717006844951846	128.0
0.573609213721797	127.0
0.5755177429484093	126.0
0.5774144164172357	125.0
0.5793110898860621	124.0
0.5812431384316824	123.0
0.5831751869773028	122.0
0.5850966665607858	121.0
0.587018146144269	120.0
0.5889762044649817	119.0
0.5909342627856944	118.0
0.5928830256715261	117.0
0.5948317885573577	116.0
0.59681832339291	115.0
0.5988048582284622	114.0
0.6007833662419287	113.0
0.6027618742553953	112.0
0.6047756156785148	111.0
0.6067893571016343	110.0
0.6088030985247538	109.0
0.6108341329969623	108.0
0.6128651674691709	107.0
0.614912991142975	106.0
0.6169608148167792	105.0
0.6190272012217652	104.0
0.6210935876267513	103.0
0.6231780449934415	102.0
0.6252625023601318	101.0
0.627366826720723	100.0
0.6294711510813141	99.0
0.631594869478613	98.0
0.6337185878759118	97.0
0.6358660509542196	96.0
0.6380135140325273	95.0
0.640160977110835	94.0
0.6423456716891868	93.0
0.6445303662675386	92.0
0.6467219645073751	91.0
0.6489135627472116	90.0
0.6511438276389631	89.0
0.6533740925307145	88.0
0.6556197630974977	87.0
0.6578654336642809	86.0
0.660111104231064	85.0
0.662407936791701	84.0
0.6647047693523379	83.0
0.6670016019129749	82.0
0.6692984344736118	81.0
0.6716449932656675	80.0
0.6739915520577232	79.0
0.6763381108497789	78.0
0.678722207074178	77.0
0.681106303298577	76.0
0.6834903995229761	75.0
0.6859213241759125	74.0
0.6883522488288488	73.0
0.6907831734817852	72.0
0.6932597154480314	71.0
0.6957362574142777	70.0
0.6982127993805239	69.0
0.7007392495189	68.0
0.703265699657276	67.0
0.7058354555331706	66.0
0.7083958974529058	65.0
0.7109740223215649	64.0
0.7135701621790117	63.0
0.7161846593929091	62.0
0.7188178672362614	61.0
0.721470150504708	60.0
0.7241418861770703	59.0
0.7268334641230251	58.0
0.7295452878621793	57.0
0.732277775379303	56.0
0.7350313600009974	55.0
0.7378064913396729	54.0
0.7406036363113903	53.0
0.7434232802348983	52.0
0.7462659280200578	51.0
0.7491321054548576	50.0
0.7520223606013813	49.0
0.7549372653123727	48.0
0.7578774168815924	47.0
0.7608434398428717	46.0
0.7638359879348173	45.0
0.7668557462504336	44.0
0.7699034335936871	43.0
0.7729798050681764	42.0
0.7760856549268514	41.0
0.7792218197160522	40.0
0.7823891817523629	39.0
0.7855886729768402	38.0
0.7888212792385272	37.0
0.7920880450677967	36.0
0.7953900790105544	35.0
0.7987285596068738	34.0
0.8021047421129046	33.0
0.8055199660834217	32.0
0.8089756639551381	31.0
0.8124733707988918	30.0
0.816014735443569	29.0
0.8196015332180034	28.0
0.8232356806122648	27.0
0.8269192521656017	26.0
0.8306545005755113	25.0
0.8344437906460344	24.0
0.8382900248305741	23.0
0.8421961316840205	22.0
0.8461649932375386	21.0
0.8502005766045289	20.0
0.8543064771318384	19.0
0.8584872858202839	18.0
0.8627486228003914	17.0
0.86709517176332	16.0
0.8715337365331133	15.0
0.8760719759502001	14.0
0.8807181087037633	13.0
0.8854819901170088	12.0
0.8903754396495834	11.0
0.8954125313830431	10.0
0.9006102272344465	9.0
0.9059910706099167	8.0
0.9115799432602025	7.0
0.9174119797903418	6.0
0.9235332961230015	5.0
0.9300107394997434	4.0
0.9369400273736103	3.0
0.944476682900097	2.0
0.9529037921772665	1.0
0.9628647784645333	0.0
