0.0420435444693624	0.0
0.042631888656048146	1.0
0.043218631211302476	2.0
0.04380405573629423	3.0
0.04438843424989178	4.0
0.04497235247446138	5.0
0.045555776645511574	6.0
0.046138869795286745	7.0
0.04672134985133013	8.0
0.04730320036013045	9.0
0.04788535804689653	10.0
0.04846893844457306	11.0
0.04905139387986583	12.0
0.04963452944341015	13.0
0.050217299033832104	14.0
0.0508004246224438	15.0
0.05138399310663805	16.0
0.05196540633203383	17.0
0.05254929534078112	18.0
0.053133324898617	19.0
0.05371877573411987	20.0
0.054304354766359045	21.0
0.05488955439679642	22.0
0.05547487275345025	23.0
0.05606058988764363	24.0
0.05664653492055615	25.0
0.05723281150905092	26.0
0.057819266893384874	27.0
0.05840594560102111	28.0
0.0589928301444622	29.0
0.059578394539130636	30.0
0.06016557673782237	31.0
0.0607529054856736	32.0
0.061340356833100886	33.0
0.06192790602736945	34.0
0.06251552723043381	35.0
0.06310319367775108	36.0
0.06369087775862528	37.0
0.06427855109068407	38.0
0.06486618458898118	39.0
0.06545374853028245	40.0
0.0660412126130083	41.0
0.06662854601324887	42.0
0.06721571743721895	43.0
0.0678026951704765	44.0
0.0683894471241928	45.0
0.0689759408787286	46.0
0.0695621437247462	47.0
0.07014697233063821	48.0
0.07073248959674709	49.0
0.07131761788319445	50.0
0.0719023236334866	51.0
0.07248657328956232	52.0
0.07307033318236439	53.0
0.07365356958763082	54.0
0.07423624875295666	55.0
0.07481833692366643	56.0
0.07539980036752132	57.0
0.07598060539833329	58.0
0.0765607183985481	59.0
0.07714010584085242	60.0
0.07771873430885592	61.0
0.07829657051689279	62.0
0.07887358132898532	63.0
0.07944973377700781	64.0
0.08002499507808286	65.0
0.08059933265124383	66.0
0.0811727141333919	67.0
0.08174510739457115	68.0
0.08231648055258861	69.0
0.08288680198700024	70.0
0.08345712342141187	71.0
0.08402416503836377	72.0
0.0845911446638156	73.0
0.08515694873796223	74.0
0.08572154733771455	75.0
0.08628491069669603	76.0
0.08684700936885549	77.0
0.08740758762270205	78.0
0.08796709659484592	79.0
0.08852525607631502	80.0
0.08908203813064418	81.0
0.08963741520166915	82.0
0.09019136012970595	83.0
0.09074384615699915	84.0
0.09129484693405142	85.0
0.09184433652551346	86.0
0.09239228941563596	87.0
0.09293868051328336	88.0
0.09348348515651024	89.0
0.09402667911669794	90.0
0.0945682386022502	91.0
0.09510814026183473	92.0
0.09564636118716652	93.0
0.0961828789153113	94.0
0.09671767143048918	95.0
0.09725071716534538	96.0
0.09778199500164812	97.0
0.09831148427034872	98.0
0.09883916475093157	99.0
0.09936501666993505	100.0
0.09988902069849394	101.0
0.1004116128698533	102.0
0.10093190437532969	103.0
0.10145029462383234	104.0
0.10196676614090408	105.0
0.10248130193362559	106.0
0.10299388542576488	107.0
0.10350450045384242	108.0
0.10401313124723653	109.0
0.10451976239821752	110.0
0.10502437881469559	111.0
0.1055269656411383	112.0
0.1060280293687293	113.0
0.10652655357205047	114.0
0.10702300833321594	115.0
0.10751737817209515	116.0
0.10801001125055656	117.0
0.10850264432901797	118.0
0.10899880735503596	119.0
0.10948482699370836	120.0
0.10997084663238076	121.0
0.11045045754824197	122.0
0.11093006846410318	123.0
0.11140967937996439	124.0
0.11188074991147152	125.0
0.11235182044297866	126.0
0.11282289097448579	127.0
0.11329343703742259	128.0
0.11376398310035939	129.0
0.11423452916329618	130.0
0.11468634818281175	131.0
0.11513816720232731	132.0
0.11560389297009128	133.0
0.11606961873785526	134.0
0.11652243417745742	135.0
0.11697524961705957	136.0
0.11742806505666173	137.0
0.11786852268399065	138.0
0.11830898031131956	139.0
0.11874943793864848	140.0
0.11919439503227117	141.0
0.11963935212589386	142.0
0.12005754135784727	143.0
0.12049055317505013	144.0
0.12092356499225299	145.0
0.1213498094605718	146.0
0.12177605392889063	147.0
0.12220005061483422	148.0
0.1226217876667787	149.0
0.12304352471872318	150.0
0.1234585040234922	151.0
0.12387348332826123	152.0
0.12428846263303026	153.0
0.12469669703992681	154.0
0.12510493144682336	155.0
0.1255131658537199	156.0
0.1259146758940002	157.0
0.1263161859342805	158.0
0.1267176959745608	159.0
0.12711250794887405	160.0
0.12750731992318728	161.0
0.12790213189750052	162.0
0.12828777410430076	163.0
0.128673416311101	164.0
0.12905905851790123	165.0
0.12944588943967064	166.0
0.12983272036144006	167.0
0.13021955128320947	168.0
0.13058419813434488	169.0
0.1309488449854803	170.0
0.13133214007740987	171.0
0.13171543516933945	172.0
0.13207138271829705	173.0
0.13242733026725464	174.0
0.13279941493297054	175.0
0.13317149959868643	176.0
0.13352164566282357	177.0
0.1338717917269607	178.0
0.13423534842049106	179.0
0.13459890511402142	180.0
0.13494056955855624	181.0
0.13528223400309106	182.0
0.13563737484899752	183.0
0.13599251569490398	184.0
0.13632581356987475	185.0
0.13665911144484552	186.0
0.13700595446450503	187.0
0.13735279748416454	188.0
0.13767784943721886	189.0
0.13800290139027319	190.0
0.13834156885015295	191.0
0.13864323309779558	192.0
0.13896995170085752	193.0
0.13929667030391946	194.0
0.13961773594247082	195.0
0.13993880158102218	196.0
0.14025469574381252	197.0
0.14057134640208807	198.0
0.14088799706036362	199.0
0.14119874236989155	200.0
0.14150948767941948	201.0
0.14182023298894741	202.0
0.14212602668203328	203.0
0.14243182037511914	204.0
0.142737614068205	205.0
0.14303598512641025	206.0
0.14334989399140446	207.0
0.14364731034897002	208.0
0.14394472670653558	209.0
0.14424214306410113	210.0
0.1445283519809337	211.0
0.14481456089776626	212.0
0.14510076981459882	213.0
0.14539277327384978	214.0
0.14567726234003178	215.0
0.14596175140621379	216.0
0.1462462404723958	217.0
0.1465199025695104	218.0
0.146793564666625	219.0
0.1470672267637396	220.0
0.1473408888608542	221.0
0.1476145509579688	222.0
0.1478882130550834	223.0
0.14815273989299155	224.0
0.14841971198253626	225.0
0.14868668407208097	226.0
0.14895365616162567	227.0
0.14920859272694934	228.0
0.149463529292273	229.0
0.14971846585759666	230.0
0.14997340242292032	231.0
0.15022833898824398	232.0
0.15050376458904868	233.0
0.15075556853626892	234.0
0.15100737248348917	235.0
0.1512591764307094	236.0
0.15150121871253108	237.0
0.15174326099435276	238.0
0.1519823920224181	239.0
0.1522246912217609	240.0
0.15246699042110373	241.0
0.15270928962044655	242.0
0.15293699120390444	243.0
0.15319260441368351	244.0
0.15342714703312568	245.0
0.1536500399325545	246.0
0.15388165283727528	247.0
0.15411326574199607	248.0
0.15434487864671687	249.0
0.15456981084855614	250.0
0.15478987007505846	251.0
0.15502100620328504	252.0
0.15525214233151163	253.0
0.1554792941442548	254.0
0.15567638482316595	255.0
0.15589851232875512	256.0
0.1561222958574696	257.0
0.1563381630288507	258.0
0.15654410706052582	259.0
0.15676598158290025	260.0
0.1569878561052747	261.0
0.1571896655681853	262.0
0.1573912586518936	263.0
0.15761674618251523	264.0
0.15782339724167668	265.0
0.1580201606216679	266.0
0.15821692400165913	267.0
0.15841368738165035	268.0
0.15862348038740318	269.0
0.1588149959550547	270.0
0.15901804109297896	271.0
0.15922108623090322	272.0
0.1594241313688275	273.0
0.15962717650675176	274.0
0.15980383420479205	275.0
0.15998049190283234	276.0
0.16017878922286366	277.0
0.16037708654289498	278.0
0.1605599571361718	279.0
0.16074282772944862	280.0
0.16094002135664776	281.0
0.1611372149838469	282.0
0.16130312239080186	283.0
0.1615022484887393	284.0
0.1616678509953563	285.0
0.16185377311175547	286.0
0.16202688530513457	287.0
0.16219999749851366	288.0
0.16237310969189275	289.0
0.16254622188527185	290.0
0.16273909621335098	291.0
0.16290493223612118	292.0
0.16307076825889139	293.0
0.16325703072828474	294.0
0.16341456181589167	295.0
0.1635720929034986	296.0
0.16374693866184176	297.0
0.1639217844201849	298.0
0.16409663017852805	299.0
0.16424714804594226	300.0
0.16442566422917843	301.0
0.16457803878545244	302.0
0.16473041334172644	303.0
0.16488278789800045	304.0
0.16507121017452075	305.0
0.16521998830867557	306.0
0.16536876644283038	307.0
0.1655359476251537	308.0
0.16564264615080146	309.0
0.16579649800365112	310.0
0.16595034985650078	311.0
0.16610420170935045	312.0
0.1662580535622001	313.0
0.1664033425275936	314.0
0.16654863149298707	315.0
0.16669392045838055	316.0
0.1668576854130371	317.0
0.16700802361545622	318.0
0.16715836181787533	319.0
0.16730870002029444	320.0
0.16744362449998995	321.0
0.1675797780518383	322.0
0.1677375094273871	323.0
0.16787370145238392	324.0
0.16800989347738074	325.0
0.16814608550237756	326.0
0.16828227752737437	327.0
0.1684184695523712	328.0
0.1685770706037344	329.0
0.1687024956166704	330.0
0.6537862245520271	330.0
0.6539818195113258	329.0
0.6541107237496913	328.0
0.6543064251714	327.0
0.6545021265931088	326.0
0.6546978280148176	325.0
0.6548935294365263	324.0
0.6550892308582351	323.0
0.6552584985773116	322.0
0.6554592674755773	321.0
0.6557291068667145	320.0
0.6559198858846647	319.0
0.6561106649026148	318.0
0.656301443920565	317.0
0.6565018106465418	316.0
0.656693429276172	315.0
0.6568850479058023	314.0
0.6570766665354325	313.0
0.6572842386317383	312.0
0.6574918107280442	311.0
0.65769938282435	310.0
0.6579069549206559	309.0
0.6581155202926321	308.0
0.6583075737929501	307.0
0.6585329839658202	306.0
0.6587583941386902	305.0
0.6589242856249927	304.0
0.65915652751119	303.0
0.6593887693973873	302.0
0.6596210112835846	301.0
0.6598208951730108	300.0
0.6600586867980828	299.0
0.660272550994669	298.0
0.6604864151912552	297.0
0.6607002793878414	296.0
0.660946927932944	295.0
0.6611935764780466	294.0
0.6614012775395667	293.0
0.661646227581664	292.0
0.6618911776237614	291.0
0.6620827727691153	290.0
0.6623342757278943	289.0
0.6625857786866732	288.0
0.6628372816454522	287.0
0.6630887846042312	286.0
0.6633927933966829	285.0
0.6636590792956386	284.0
0.6638832250051073	283.0
0.6641335120906254	282.0
0.6643896926794725	281.0
0.6646458732683195	280.0
0.664887124722105	279.0
0.6651283761758905	278.0
0.6653973104248416	277.0
0.6656662446737928	276.0
0.6659304878132822	275.0
0.6661947309527717	274.0
0.6664606268605796	273.0
0.6667265227683875	272.0
0.6669924186761954	271.0
0.6672583145840033	270.0
0.6676082429229733	269.0
0.6678564227499167	268.0
0.66814631055775	267.0
0.6684361983655832	266.0
0.6687260861734164	265.0
0.6690064347607114	264.0
0.6692649638760443	263.0
0.6695604141658323	262.0
0.6699180209300367	261.0
0.6701897159807495	260.0
0.6704614110314623	259.0
0.6707594095210206	258.0
0.6711079697418076	257.0
0.6713732015417564	256.0
0.6717007261662344	255.0
0.6720252923961583	254.0
0.6721340561502527	253.0
0.6724575842300121	252.0
0.6727811123097716	251.0
0.6730787772418689	250.0
0.6734312956732526	249.0
0.6737476506373523	248.0
0.6740640056014521	247.0
0.6743803605655518	246.0
0.6747800570945381	245.0
0.675109686693944	244.0
0.6754148477720631	243.0
0.6757488325737806	242.0
0.6760919680650389	241.0
0.6764351035562972	240.0
0.6767782390475555	239.0
0.6772008244596283	238.0
0.677547667184997	237.0
0.6778945099103658	236.0
0.6782585807062765	235.0
0.6786226515021873	234.0
0.678986722298098	233.0
0.679335539138076	232.0
0.6797105586414991	231.0
0.6800855781449222	230.0
0.6804605976483453	229.0
0.6808356171517684	228.0
0.6812106366551915	227.0
0.6816019174865506	226.0
0.6819931983179097	225.0
0.6823844791492688	224.0
0.6828441135573031	223.0
0.6832498843973892	222.0
0.6836556552374753	221.0
0.6840614260775614	220.0
0.6844671969176475	219.0
0.6848729677577335	218.0
0.6852787385978196	217.0
0.6857051125849558	216.0
0.686131486572092	215.0
0.6865578605592282	214.0
0.6869990982661999	213.0
0.6874285796325271	212.0
0.6878580609988544	211.0
0.6882875423651816	210.0
0.688739065328541	209.0
0.6891905882919004	208.0
0.6896421112552598	207.0
0.6900768145790489	206.0
0.6905331621130513	205.0
0.6909987570557459	204.0
0.6914643519984405	203.0
0.6919299469411351	202.0
0.6924083267188513	201.0
0.6928867064965676	200.0
0.6933650862742838	199.0
0.6938555616308473	198.0
0.6943460369874107	197.0
0.6948936970561634	196.0
0.6953923460915269	195.0
0.6958909951268903	194.0
0.6964028870083997	193.0
0.696914778889909	192.0
0.6974309626769087	191.0
0.6979450001977359	190.0
0.6984763500330541	189.0
0.6990076998683723	188.0
0.6995393945427362	187.0
0.7000710892171	186.0
0.7006204308359616	185.0
0.7011697724548231	184.0
0.701719808582023	183.0
0.7022698447092228	182.0
0.7028378721555909	181.0
0.703405899601959	180.0
0.7039749822899936	179.0
0.7045440649780281	178.0
0.7051314946025009	177.0
0.7057189242269737	176.0
0.706307783000304	175.0
0.7068966417736342	174.0
0.7075082002598674	173.0
0.7081197587461006	172.0
0.7087254600934864	171.0
0.7093311614408722	170.0
0.7099636074256418	169.0
0.7105960534104114	168.0
0.7112284653114702	167.0
0.711860877212529	166.0
0.7124932891135878	165.0
0.7131503454045269	164.0
0.7138074016954661	163.0
0.7144644579864052	162.0
0.7151365173701546	161.0
0.715808576753904	160.0
0.7164806361376533	159.0
0.7171694129487975	158.0
0.7178581897599418	157.0
0.718546966571086	156.0
0.719254138546046	155.0
0.7199613105210061	154.0
0.7206684824959662	153.0
0.7213939630495356	152.0
0.7221194436031051	151.0
0.7228449241566746	150.0
0.7235895289472976	149.0
0.7243341337379205	148.0
0.7251216582632186	147.0
0.7258792564799968	146.0
0.7266368546967751	145.0
0.7274144740362061	144.0
0.7281920933756371	143.0
0.7289986934454012	142.0
0.7297816647375127	141.0
0.7305646360296242	140.0
0.7313808370277719	139.0
0.7321970380259196	138.0
0.7330132390240673	137.0
0.7338446316933478	136.0
0.7346760243626282	135.0
0.7355074170319087	134.0
0.736350341924041	133.0
0.7371932668161734	132.0
0.7380686965708952	131.0
0.7389441263256171	130.0
0.7398235312937195	129.0
0.7407029362618218	128.0
0.7415823412299242	127.0
0.7424946011398711	126.0
0.743406861049818	125.0
0.7443191209597649	124.0
0.7452522089497912	123.0
0.7461852969398174	122.0
0.7471183849298436	121.0
0.7480763745009006	120.0
0.7490343640719576	119.0
0.7499772882161359	118.0
0.7509602700779222	117.0
0.7519432519397086	116.0
0.7529353784335716	115.0
0.7539361968896113	114.0
0.7549457904416091	113.0
0.7559635253030048	112.0
0.7569909613032906	111.0
0.758027411474945	110.0
0.7590729578936555	109.0
0.7601276830128048	108.0
0.7611916697879874	107.0
0.7622650017555669	106.0
0.7633477630867045	105.0
0.7644400386275758	104.0
0.7655419138704989	103.0
0.7666534753566624	102.0
0.767774192231421	101.0
0.7689054407274867	100.0
0.7700466364329933	99.0
0.771197868934852	98.0
0.7723592286485431	97.0
0.7735308068419436	96.0
0.7747126956591349	95.0
0.7759049881444952	94.0
0.7771077782673151	93.0
0.7783211609471197	92.0
0.7795452320798745	91.0
0.7807800885652193	90.0
0.7820258283348701	89.0
0.7832825503823054	88.0
0.7845503547938837	87.0
0.7858293427814874	86.0
0.7871196167168432	85.0
0.7884212801676276	84.0
0.7897344379354928	83.0
0.7910591960961506	82.0
0.792395662041665	81.0
0.7937439445250255	80.0
0.7951041537583138	79.0
0.7964764011627661	78.0
0.7978611721714186	77.0
0.7992578724157391	76.0
0.8006669531902691	75.0
0.8020885325513111	74.0
0.8035227307384458	73.0
0.8049696702414377	72.0
0.8064321437442069	71.0
0.8079179189780674	70.0
0.8094036942119279	69.0
0.8109027133187584	68.0
0.8124151082554788	67.0
0.813941013321833	66.0
0.8154805652671258	65.0
0.8170339034038048	64.0
0.8186011697283997	63.0
0.8201825090503829	62.0
0.8217780691295606	61.0
0.8233880008226601	60.0
0.8250124582398449	59.0
0.826651598911957	58.0
0.8283055839693572	57.0
0.829974578333332	56.0
0.83165875092112	55.0
0.8333582748657262	54.0
0.8350733277518085	53.0
0.8368040918690592	52.0
0.8385507544847238	51.0
0.8403135081363112	50.0
0.8420925512825475	49.0
0.8438880866636322	48.0
0.8457018122336791	47.0
0.8475309585146023	46.0
0.8493772476535002	45.0
0.8512409114550108	44.0
0.8531221898228241	43.0
0.8550213313117365	42.0
0.8569385937289513	41.0
0.8588742447900792	40.0
0.8608285628360404	39.0
0.8628018376179055	38.0
0.8647943711577217	37.0
0.866806478694501	36.0
0.8688384897259058	35.0
0.870890749157739	34.0
0.872963618575398	33.0
0.8750574776512252	32.0
0.8771727263973667	31.0
0.8793097828202655	30.0
0.8814710294462883	29.0
0.8836529732399148	28.0
0.8858581332059832	27.0
0.8880870370366925	26.0
0.8903401671387696	25.0
0.8926183043694198	24.0
0.8949219376015293	23.0
0.8972519606967022	22.0
0.8996087430171359	21.0
0.901992444946566	20.0
0.9044054583432729	19.0
0.9068483509201928	18.0
0.9093223263228976	17.0
0.9118277820990585	16.0
0.9143661803157221	15.0
0.9169387555902624	14.0
0.9195472602948679	13.0
0.9221931942187883	12.0
0.9248785123767506	11.0
0.9276053810661748	10.0
0.9303760476973272	9.0
0.9331933191650984	8.0
0.9360604972570881	7.0
0.938981147325691	6.0
0.9419602046811388	5.0
0.9450017330909412	4.0
0.9481133289185689	3.0
0.9513034350002063	2.0
0.9545798231356989	1.0
0.9579564555306376	0.0
