0.016635745681301394	0.0
0.017198563212888943	0.2
0.017199587289368837	0.4
0.01746607301347485	0.6000000000000001
0.017725895008846856	0.8
0.01798046255027762	1.0
0.018230784727167083	1.2
0.018477560512688607	1.4
0.01872133036971311	1.5999999999999999
0.01896254192104686	1.7999999999999998
0.019201491027303164	1.9999999999999998
0.019438684463549374	2.1999999999999997
0.019674063083003016	2.4
0.019907715360054413	2.6
0.020140408255257976	2.8000000000000003
0.020371713215002453	3.0000000000000004
0.02060196006284744	3.2000000000000006
0.020831252451868745	3.400000000000001
0.02105965124320332	3.600000000000001
0.021287331332101044	3.800000000000001
0.02151430703292885	4.000000000000001
0.021740340465754866	4.200000000000001
0.021966087683350757	4.400000000000001
0.022191617737683945	4.600000000000001
0.022416416067548135	4.800000000000002
0.02264082331537859	5.000000000000002
0.022864881534534694	5.200000000000002
0.02308895668918156	5.400000000000002
0.02331270386261036	5.600000000000002
0.023536084140621454	5.8000000000000025
0.0237590522531733	6.000000000000003
0.023982123909540007	6.200000000000003
0.024204762449368884	6.400000000000003
0.024427655755538104	6.600000000000003
0.024650043795777062	6.800000000000003
0.02487261685126902	7.0000000000000036
0.025095131316671338	7.200000000000004
0.02531748410279865	7.400000000000004
0.025539747454906704	7.600000000000004
0.025761385923539746	7.800000000000004
0.025983609870825177	8.000000000000004
0.026205701810764828	8.200000000000003
0.026428223712109535	8.400000000000002
0.02665049910072552	8.600000000000001
0.026874006698710318	8.8
0.027096629686389425	9.0
0.027318969223340834	9.2
0.027541483369939328	9.399999999999999
0.027764287478418356	9.599999999999998
0.027987114463519498	9.799999999999997
0.028210199249117263	9.999999999999996
0.028433516003908244	10.199999999999996
0.028656500421149495	10.399999999999995
0.028880141992160067	10.599999999999994
0.029103395782821423	10.799999999999994
0.029327347586406916	10.999999999999993
0.029550844710814362	11.199999999999992
0.029775012243344678	11.399999999999991
0.029999218544158282	11.59999999999999
0.030223424844971886	11.79999999999999
0.03044625506279687	11.99999999999999
0.03067068465956078	12.199999999999989
0.030895724003881547	12.399999999999988
0.03112051031125544	12.599999999999987
0.03134550887277382	12.799999999999986
0.031571417904088024	12.999999999999986
0.031796941530173435	13.199999999999985
0.03202267598368987	13.399999999999984
0.032248623980933235	13.599999999999984
0.032474787624271556	13.799999999999983
0.03270116936296274	13.999999999999982
0.032927771543486035	14.199999999999982
0.03315459603697306	14.39999999999998
0.033381645378748694	14.59999999999998
0.03360892170083392	14.79999999999998
0.033836427050929443	14.999999999999979
0.03406416339171598	15.199999999999978
0.03429213260104781	15.399999999999977
0.034520336472810303	15.599999999999977
0.03474877671823959	15.799999999999976
0.03497838646483687	15.999999999999975
0.03520733795886199	16.199999999999974
0.035436530718224744	16.399999999999974
0.03566596563214082	16.599999999999973
0.03589564408516915	16.799999999999972
0.036125567257542825	16.99999999999997
0.03635573587807814	17.19999999999997
0.036586151498329667	17.39999999999997
0.036816815187350596	17.59999999999997
0.03704772795025915	17.79999999999997
0.03727889073085639	17.999999999999968
0.037510304414087946	18.199999999999967
0.03774182110965733	18.399999999999967
0.03797373436185374	18.599999999999966
0.03820564761405016	18.799999999999965
0.038438320955812025	18.999999999999964
0.03867099429757389	19.199999999999964
0.038903667639335754	19.399999999999963
0.039137111270425726	19.599999999999962
0.0393705549015157	19.79999999999996
0.03960399853260567	19.99999999999996
0.03983820595128022	20.19999999999996
0.040072413369954776	20.39999999999996
0.04030662078862933	20.59999999999996
0.04054161089025684	20.799999999999958
0.04077660099188435	20.999999999999957
0.041011835600439854	21.199999999999957
0.04124707020899536	21.399999999999956
0.0414830925320893	21.599999999999955
0.041719114855183245	21.799999999999955
0.04195513717827719	21.999999999999954
0.04219191567505708	22.199999999999953
0.04242869417183698	22.399999999999952
0.04266547266861687	22.59999999999995
0.04290306537499356	22.79999999999995
0.04314065808137025	22.99999999999995
0.04337845848145705	23.19999999999995
0.04361625888154385	23.39999999999995
0.04385405928163065	23.599999999999948
0.04409348471357857	23.799999999999947
0.0443329101455265	23.999999999999947
0.04457233557747442	24.199999999999946
0.04481176100942234	24.399999999999945
0.04505045418237186	24.599999999999945
0.04528914735532137	24.799999999999944
0.04553047899113483	24.999999999999943
0.045771810626948295	25.199999999999942
0.046011563889350376	25.39999999999994
0.04625131715175246	25.59999999999994
0.0464936965656262	25.79999999999994
0.04673607597949994	25.99999999999994
0.046976852656758335	26.19999999999994
0.04721762933401673	26.399999999999938
0.0474610290277832	26.599999999999937
0.047704428721549674	26.799999999999937
0.04794622289897026	26.999999999999936
0.04818801707639085	27.199999999999935
0.04843243072591694	27.399999999999935
0.048676844375443035	27.599999999999934
0.048919649332999485	27.799999999999933
0.049162454290555935	27.999999999999932
0.049405259248112385	28.199999999999932
0.04965236381583001	28.39999999999993
0.04989946838354764	28.59999999999993
0.0501420927607531	28.79999999999993
0.05038471713795856	28.99999999999993
0.05063281866742045	29.19999999999993
0.05088092019688234	29.399999999999928
0.05112453808270686	29.599999999999927
0.05136815596853138	29.799999999999926
0.051617245809407006	29.999999999999925
0.05186633565028263	30.199999999999925
0.0521109382996315	30.399999999999924
0.05235554094898037	30.599999999999923
0.05260561012974448	30.799999999999923
0.052855679310508594	30.999999999999922
0.05310125750148766	31.19999999999992
0.05334683569246673	31.39999999999992
0.053597874791337624	31.59999999999992
0.053848913890208516	31.79999999999992
0.05409545797652716	31.99999999999992
0.0543420020628458	32.19999999999992
0.05459400125667644	32.39999999999992
0.05484600045050708	32.59999999999992
0.055093500407050626	32.799999999999926
0.05534100036359417	32.99999999999993
0.05559394947040754	33.19999999999993
0.055846898577220916	33.399999999999935
0.05609984768403429	33.59999999999994
0.05634639371599871	33.79999999999994
0.05659767817550938	33.99999999999994
0.05684896263502005	34.199999999999946
0.05710024709453072	34.39999999999995
0.057352930040409485	34.59999999999995
0.057605612986288246	34.799999999999955
0.05785829593216701	34.99999999999996
0.05811097887804577	35.19999999999996
0.05836366182392453	35.39999999999996
0.05861634476980329	35.599999999999966
0.05886902771568205	35.79999999999997
0.05912325623508645	35.99999999999997
0.059377484754490846	36.199999999999974
0.05963171327389524	36.39999999999998
0.05988594179329964	36.59999999999998
0.060140170312704036	36.79999999999998
0.06039439883210843	36.999999999999986
0.06064952739169863	37.19999999999999
0.06090465595128882	37.39999999999999
0.061159784510879014	37.599999999999994
0.06141491307046921	37.8
0.0616700416300594	38.0
0.061925170189649596	38.2
0.06218380176498529	38.400000000000006
0.06244243334032098	38.60000000000001
0.06269697765278955	38.80000000000001
0.0629515219652581	39.000000000000014
0.06321101887792342	39.20000000000002
0.06347051579058874	39.40000000000002
0.0637259199975485	39.60000000000002
0.06398132420450825	39.800000000000026
0.06424167414314505	40.00000000000003
0.06450202408178185	40.20000000000003
0.06475827598214362	40.400000000000034
0.06501452788250539	40.60000000000004
0.06527571859138892	40.80000000000004
0.06553690930027245	41.00000000000004
0.06579399655808309	41.200000000000045
0.06605108381589372	41.40000000000005
0.06631310291000732	41.60000000000005
0.06657512200412091	41.800000000000054
0.06683303216030685	42.00000000000006
0.06709094231649279	42.20000000000006
0.06735377729287778	42.40000000000006
0.06761661226926277	42.600000000000065
0.06787533275258285	42.80000000000007
0.06813405323590294	43.00000000000007
0.06839769148429682	43.200000000000074
0.0686613297326907	43.40000000000008
0.06892084787006118	43.60000000000008
0.06918036600743166	43.80000000000008
0.06944479482035593	44.000000000000085
0.06970922363328019	44.20000000000009
0.06996952665962515	44.40000000000009
0.07022982968597011	44.600000000000094
0.07049503626840935	44.8000000000001
0.07076024285084859	45.0000000000001
0.0710213179186072	45.2000000000001
0.07128239298636582	45.400000000000105
0.07154836446516638	45.60000000000011
0.07181433594396694	45.80000000000011
0.0720803074227675	46.000000000000114
0.072340355142638	46.20000000000012
0.07260472788595536	46.40000000000012
0.07286910062927272	46.60000000000012
0.07313347337259009	46.800000000000125
0.07339784611590745	47.00000000000013
0.07366407449711646	47.20000000000013
0.07393030287832546	47.400000000000134
0.0741948501646751	47.600000000000136
0.07445939745102474	47.80000000000014
0.0747263518985574	48.00000000000014
0.07499330634609007	48.200000000000145
0.07525857358567045	48.40000000000015
0.07552384082525083	48.60000000000015
0.07579150813521102	48.80000000000015
0.07605824276821146	49.000000000000156
0.0763251515468245	49.20000000000016
0.07659206032543753	49.40000000000016
0.07685896910405056	49.600000000000165
0.07712587788266359	49.80000000000017
0.0773945278664109	50.00000000000017
0.07766317785015822	50.20000000000017
0.07793182783390554	50.400000000000176
0.07819836566719185	50.60000000000018
0.07846665127060232	50.80000000000018
0.07873493687401278	51.000000000000185
0.07900322247742325	51.20000000000019
0.07927150808083372	51.40000000000019
0.07953979368424419	51.60000000000019
0.07981058864469953	51.800000000000196
0.08008138360515488	52.0000000000002
0.08034931945758912	52.2000000000002
0.08061725531002337	52.400000000000205
0.08088870079968344	52.60000000000021
0.08116014628934351	52.80000000000021
0.08142872658532378	53.00000000000021
0.08169730688130405	53.200000000000216
0.08196938947315639	53.40000000000022
0.08224147206500873	53.60000000000022
0.08251068366072566	53.800000000000225
0.08277989525644258	54.00000000000023
0.08305260183066333	54.20000000000023
0.08332530840488409	54.40000000000023
0.08359513818763875	54.600000000000236
0.08386496797039342	54.80000000000024
0.08413828544357266	55.00000000000024
0.0844116029167519	55.200000000000244
0.0846792362493041	55.40000000000025
0.0849513374844122	55.60000000000025
0.08522343871952032	55.80000000000025
0.08549553995462843	56.000000000000256
0.08576764118973654	56.20000000000026
0.08603974242484465	56.40000000000026
0.08631406062437091	56.600000000000264
0.08658837882389718	56.80000000000027
0.08686017012228854	57.00000000000027
0.0871319614206799	57.20000000000027
0.08740685297470731	57.400000000000276
0.08768174452873471	57.60000000000028
0.08795410319727888	57.80000000000028
0.08822646186582304	58.000000000000284
0.08850191378591149	58.20000000000029
0.08877736570599994	58.40000000000029
0.08905027902950811	58.60000000000029
0.08932319235301629	58.800000000000296
0.08959919198289078	59.0000000000003
0.08987519161276526	59.2000000000003
0.0901486469818579	59.400000000000304
0.09042210235095054	59.60000000000031
0.09069863714643324	59.80000000000031
0.09097517194191594	60.00000000000031
0.09124915686593202	60.200000000000315
0.0915231417899481	60.40000000000032
0.09180019933195457	60.60000000000032
0.09207725687396105	60.800000000000324
0.09235175899405024	61.00000000000033
0.09262626111413942	61.20000000000033
0.09290382912187094	61.40000000000033
0.09318139712960245	61.600000000000335
0.09345640423199471	61.80000000000034
0.09373141133438696	62.00000000000034
0.09400753790348756	62.200000000000344
0.09428366447258817	62.40000000000035
0.09456108466426565	62.60000000000035
0.09483850485594313	62.80000000000035
0.09511511829490876	63.000000000000355
0.0953917317338744	63.20000000000036
0.09566963329617191	63.40000000000036
0.09594753485846942	63.600000000000364
0.09622462352013891	63.80000000000037
0.0965017121818084	64.00000000000037
0.09678008347793886	64.20000000000037
0.09705845477406931	64.40000000000038
0.09733600712279925	64.60000000000038
0.09761355947152918	64.80000000000038
0.09789238906745348	65.00000000000038
0.09817121866337779	65.20000000000039
0.09844922337318263	65.40000000000039
0.09872722808298746	65.60000000000039
0.09900650476123198	65.8000000000004
0.09928578143947649	66.0000000000004
0.09956422740785438	66.2000000000004
0.09984267337623227	66.4000000000004
0.10012238614968202	66.6000000000004
0.10040209892313177	66.80000000000041
0.10068097528481472	67.00000000000041
0.10095985164649766	67.20000000000041
0.10123998977208645	67.40000000000042
0.10152012789767524	67.60000000000042
0.10179942403824692	67.80000000000042
0.1020787201788186	68.00000000000043
0.10235927317104422	68.20000000000043
0.10263982616326985	68.40000000000043
0.10291953173257169	68.60000000000043
0.10319923730187354	68.80000000000044
0.10348019494606205	69.00000000000044
0.10376115259025055	69.20000000000044
0.10404125751549036	69.40000000000045
0.10432136244073016	69.60000000000045
0.10460271480594835	69.80000000000045
0.10488406717116654	70.00000000000045
0.10516456166961644	70.20000000000046
0.10544505616806633	70.40000000000046
0.10572679361956124	70.60000000000046
0.10600853107105614	70.80000000000047
0.10628940566220206	71.00000000000047
0.10657028025334798	71.20000000000047
0.10685115484449391	71.40000000000047
0.10713402657628843	71.60000000000048
0.1074157522485831	71.80000000000048
0.10769747792087778	72.00000000000048
0.10797920359317245	72.20000000000049
0.10826092926546713	72.40000000000049
0.1085426549377618	72.60000000000049
0.10882438061005648	72.8000000000005
0.10910610628235115	73.0000000000005
0.10939036628244274	73.2000000000005
0.10967462628253433	73.4000000000005
0.109954794657696	73.6000000000005
0.11023496303285768	73.80000000000051
0.1105201677006391	74.00000000000051
0.11080537236842053	74.20000000000051
0.11108588716909203	74.40000000000052
0.11136640196976352	74.60000000000052
0.11165194836566732	74.80000000000052
0.11193749476157111	75.00000000000053
0.11221834838120495	75.20000000000053
0.1124992020008388	75.40000000000053
0.11278508281424798	75.60000000000053
0.11307096362765717	75.80000000000054
0.11335214894028879	76.00000000000054
0.11363333425292041	76.20000000000054
0.11391954256115155	76.40000000000055
0.1142057508693827	76.60000000000055
0.11448726113951121	76.80000000000055
0.11476877140963973	77.00000000000055
0.11505530068193286	77.20000000000056
0.11534182995422598	77.40000000000056
0.11562365883880382	77.60000000000056
0.11590548772338166	77.80000000000057
0.11619233182051271	78.00000000000057
0.11647917591764376	78.20000000000057
0.11676131746266573	78.40000000000057
0.1170434590076877	78.60000000000058
0.11733061217486941	78.80000000000058
0.11761776534205112	79.00000000000058
0.11790021397074406	79.20000000000059
0.118182662599437	79.40000000000059
0.11847011944860063	79.60000000000059
0.11875757629776426	79.8000000000006
0.11904032678516833	80.0000000000006
0.1192973101668183	80.2000000000006
0.11958245631748882	80.4000000000006
0.11986760246815933	80.6000000000006
0.12015274861882985	80.80000000000061
0.12043789476950037	81.00000000000061
0.12072304092017089	81.20000000000061
0.1210081870708414	81.40000000000062
0.12129333322151192	81.60000000000062
0.12158056371439148	81.80000000000062
0.12186629324505413	82.00000000000063
0.12215202277571678	82.20000000000063
0.12243775230637943	82.40000000000063
0.12272348183704208	82.60000000000063
0.12300921136770473	82.80000000000064
0.12329494089836739	83.00000000000064
0.12358067042903004	83.20000000000064
0.12386639995969269	83.40000000000065
0.12415212949035534	83.60000000000065
0.12443934507482066	83.80000000000065
0.12472656065928597	84.00000000000065
0.125012519717669	84.20000000000066
0.12529847877605202	84.40000000000066
0.12558598178259958	84.60000000000066
0.12587348478914714	84.80000000000067
0.12615972800224035	85.00000000000067
0.12644597121533355	85.20000000000067
0.12673449557447178	85.40000000000067
0.12702301993361	85.60000000000068
0.12730887714162045	85.80000000000068
0.1275947343496309	86.00000000000068
0.1278835325046176	86.20000000000068
0.1281723306596043	86.40000000000069
0.12845897814841156	86.60000000000069
0.12874562563721884	86.8000000000007
0.1290536982112884	87.0000000000007
0.12934151213539039	87.2000000000007
0.12962932605949237	87.4000000000007
0.12991713998359436	87.6000000000007
0.13020495390769635	87.80000000000071
0.13049276783179833	88.00000000000071
0.13078058175590032	88.20000000000071
0.1310683956800023	88.40000000000072
0.1313562096041043	88.60000000000072
0.13164402352820628	88.80000000000072
0.13193183745230827	89.00000000000072
0.13222372090671994	89.20000000000073
0.1325156043611316	89.40000000000073
0.13280106075967602	89.60000000000073
0.13308651715822042	89.80000000000074
0.1333787057700057	90.00000000000074
0.133670894381791	90.20000000000074
0.13395665693773712	90.40000000000074
0.13424241949368323	90.60000000000075
0.13453491537403958	90.80000000000075
0.13482741125439593	91.00000000000075
0.1351120657584534	91.20000000000076
0.13539672026251084	91.40000000000076
0.13569061867569582	91.60000000000076
0.1359845170888808	91.80000000000076
0.13626947437330772	92.00000000000077
0.13655443165773465	92.20000000000077
0.1368486338863878	92.40000000000077
0.13714283611504094	92.60000000000078
0.1374281008042485	92.80000000000078
0.13771336549345606	93.00000000000078
0.13800787684762597	93.20000000000078
0.13830238820179588	93.40000000000079
0.13858796594800937	93.60000000000079
0.13887354369422286	93.8000000000008
0.13916837018521672	94.0000000000008
0.13946319667621057	94.2000000000008
0.1397490938371203	94.4000000000008
0.14003499099803005	94.6000000000008
0.14033013934601274	94.80000000000081
0.14062528769399543	95.00000000000081
0.14091151133963095	95.20000000000081
0.14119773498526647	95.40000000000082
0.14149321262542044	95.60000000000082
0.14178869026557442	95.80000000000082
0.14207524818354364	96.00000000000082
0.14236180610151286	96.20000000000083
0.14265762118816688	96.40000000000083
0.1429534362748209	96.60000000000083
0.14324033697322924	96.80000000000084
0.14352723767163758	97.00000000000084
0.14382339907977523	97.20000000000084
0.14411956048791288	97.40000000000084
0.14440681319516735	97.60000000000085
0.14469406590242181	97.80000000000085
0.1449905832255828	98.00000000000085
0.1452871005487438	98.20000000000086
0.14557471520908868	98.40000000000086
0.14586232986943357	98.60000000000086
0.1461592134125615	98.80000000000086
0.14645609695568942	99.00000000000087
0.14673535463114315	99.20000000000087
0.14701461230659688	99.40000000000087
0.14732068652503066	99.60000000000088
0.14762676074346445	99.80000000000088
0.14790641527281384	100.00000000000088
0.14818606980216323	100.20000000000088
0.14849253980750948	100.40000000000089
0.14879900981285574	100.60000000000089
0.14907906846540098	100.80000000000089
0.14935912711794622	101.0000000000009
0.14966600614506587	101.2000000000009
0.14997288517218552	101.4000000000009
0.15025336157403546	101.6000000000009
0.1505338379758854	101.8000000000009
0.15084114001999	102.00000000000091
0.15114844206409458	102.20000000000091
0.15142083923317298	102.40000000000092
0.15171490371571572	102.60000000000092
0.15200896819825846	102.80000000000092
0.15230338531198287	103.00000000000092
0.1525977605988709	103.20000000000093
0.15289213588575892	103.40000000000093
0.15318651117264695	103.60000000000093
0.15348088645953498	103.80000000000094
0.153775261746423	104.00000000000094
0.15406963703331103	104.20000000000094
0.15436401232019906	104.40000000000094
0.15465838760708708	104.60000000000095
0.1549527628939751	104.80000000000095
0.15524713818086314	105.00000000000095
0.15554151346775116	105.20000000000095
0.1558358887546392	105.40000000000096
0.15613026404152722	105.60000000000096
0.15642463932841524	105.80000000000096
0.15671901461530327	106.00000000000097
0.1570133899021913	106.20000000000097
0.15730776518907932	106.40000000000097
0.15760214047596735	106.60000000000097
0.15789651576285538	106.80000000000098
0.15821030686725024	107.00000000000098
0.1585240979716451	107.20000000000098
0.15880411434965924	107.40000000000099
0.15908413072767338	107.60000000000099
0.15939847178643063	107.80000000000099
0.15971281284518787	108.000000000001
0.15999337379136508	108.200000000001
0.16027393473754228	108.400000000001
0.1605888253239939	108.600000000001
0.16090371591044553	108.800000000001
0.16118483499910655	109.00000000000101
0.16146595408776757	109.20000000000101
0.16178140425165993	109.40000000000101
0.1620968544155523	109.60000000000102
0.16237819143751325	109.80000000000102
0.1626595284594742	110.00000000000102
0.16297609701720014	110.20000000000103
0.16329266557492608	110.40000000000103
0.1635745844249551	110.60000000000103
0.1638565032749841	110.80000000000103
0.16417388620455944	111.00000000000104
0.16449126913413478	111.20000000000104
0.16484757784546808	111.40000000000104
0.16511226870013115	111.60000000000105
0.16541282212619596	111.80000000000105
0.16571337555226076	112.00000000000105
0.16601392897832556	112.20000000000105
0.16631448240439037	112.40000000000106
0.16661503583045517	112.60000000000106
0.16691558925651998	112.80000000000106
0.16721614268258478	113.00000000000107
0.16751669610864958	113.20000000000107
0.16781724953471439	113.40000000000107
0.1681178029607792	113.60000000000107
0.168418356386844	113.80000000000108
0.1687189098129088	114.00000000000108
0.1690194632389736	114.20000000000108
0.1693200166650384	114.40000000000109
0.1696205700911032	114.60000000000109
0.169921123517168	114.80000000000109
0.1702216769432328	115.0000000000011
0.17053887758748876	115.2000000000011
0.1708521355219539	115.4000000000011
0.17113763620399258	115.6000000000011
0.17142313688603125	115.8000000000011
0.1717463388069082	116.00000000000111
0.17206954072778516	116.20000000000111
0.1723558911297596	116.40000000000111
0.17264224153173405	116.60000000000112
0.17296630114575443	116.80000000000112
0.1732903607597748	117.00000000000112
0.17361442037379518	117.20000000000113
0.17388354030498393	117.40000000000113
0.17415266023617268	117.60000000000113
0.1744961306341448	117.80000000000113
0.1748396010321169	118.00000000000114
0.1751096612365949	118.20000000000114
0.17537972144107292	118.40000000000114
0.1757241047639996	118.60000000000115
0.1760684880869263	118.80000000000115
0.17633125058999483	119.00000000000115
0.17663946162315633	119.20000000000115
0.17694767265631783	119.40000000000116
0.17725588368947934	119.60000000000116
0.17756409472264084	119.80000000000116
0.17787230575580235	120.00000000000117
0.17818051678896385	120.20000000000117
0.17848872782212535	120.40000000000117
0.17879693885528686	120.60000000000117
0.17910514988844836	120.80000000000118
0.17941336092160987	121.00000000000118
0.17972157195477137	121.20000000000118
0.18002978298793287	121.40000000000119
0.18033799402109438	121.60000000000119
0.18064620505425588	121.80000000000119
0.18099875781645816	122.0000000000012
0.1813157026200634	122.2000000000012
0.18162789371277674	122.4000000000012
0.18194008480549007	122.6000000000012
0.1822522758982034	122.8000000000012
0.18256446699091672	123.00000000000121
0.18287665808363004	123.20000000000121
0.18318884917634337	123.40000000000121
0.1835010402690567	123.60000000000122
0.18381323136177002	123.80000000000122
0.18412542245448335	124.00000000000122
0.18443761354719668	124.20000000000122
0.18474980463991	124.40000000000123
0.18506199573262333	124.60000000000123
0.18537418682533666	124.80000000000123
0.18568637791804998	125.00000000000124
0.1859985690107633	125.20000000000124
0.18631076010347664	125.40000000000124
0.18667967981247455	125.60000000000124
0.18699953488964735	125.80000000000125
0.18731763238801094	126.00000000000125
0.18763572988637453	126.20000000000125
0.18795382738473812	126.40000000000126
0.1882719248831017	126.60000000000126
0.1885900223814653	126.80000000000126
0.18885791419578005	127.00000000000126
0.1891779746544246	127.20000000000127
0.18949803511306915	127.40000000000127
0.18988592122028577	127.60000000000127
0.19020736719602138	127.80000000000128
0.190528813171757	128.00000000000128
0.1908502591474926	128.20000000000127
0.19111051749265387	128.40000000000126
0.19150336762126738	128.60000000000124
0.19178146013550548	128.80000000000123
0.19209476037962464	129.00000000000122
0.19240442580263784	129.2000000000012
0.19275715112144423	129.4000000000012
0.19308150675460978	129.6000000000012
0.19345360614272603	129.80000000000118
0.19365635567512507	130.00000000000117
0.19395953671894214	130.20000000000115
0.19426271776275922	130.40000000000114
0.1945658988065763	130.60000000000113
0.19489106013951704	130.80000000000112
0.19525832990287612	131.0000000000011
0.1955324249293712	131.2000000000011
0.19588536663536812	131.40000000000109
0.19623830834136505	131.60000000000107
0.1965147836226044	131.80000000000106
0.19691764794851904	132.00000000000105
0.1972163400036378	132.20000000000104
0.19751503205875656	132.40000000000103
0.19786660566729478	132.60000000000102
0.19819345334437488	132.800000000001
0.1985242361827292	133.000000000001
0.1988210583463293	133.20000000000098
0.1992515833857932	133.40000000000097
0.19952972450279408	133.60000000000096
0.19980786561979494	133.80000000000095
0.20017276606062184	134.00000000000094
0.20053766650144875	134.20000000000093
0.20090256694227565	134.40000000000092
0.20126746738310256	134.6000000000009
0.2015553902365083	134.8000000000009
0.20183269448997318	135.00000000000088
0.20216965043672336	135.20000000000087
0.20250660638347354	135.40000000000086
0.20284356233022371	135.60000000000085
0.2031805182769739	135.80000000000084
0.20364512690974737	136.00000000000082
0.20393254446150305	136.2000000000008
0.20421996201325873	136.4000000000008
0.20458843171680285	136.6000000000008
0.20495690142034698	136.80000000000078
0.2053253711238911	137.00000000000077
0.20566636635002267	137.20000000000076
0.20587660366655658	137.40000000000074
0.20633032227719925	137.60000000000073
0.20672054586994673	137.80000000000072
0.207067349296371	138.0000000000007
0.20741415272279526	138.2000000000007
0.207743082633112	138.4000000000007
0.20807201254342875	138.60000000000068
0.20840753202277942	138.80000000000067
0.2087430515021301	139.00000000000065
0.2092079796777454	139.20000000000064
0.20950118478963445	139.40000000000063
0.2097943899015235	139.60000000000062
0.21017660204668268	139.8000000000006
0.21055881419184186	140.0000000000006
0.21094102633700104	140.20000000000059
0.21132323848216022	140.40000000000057
0.2117054506273194	140.60000000000056
0.21213498014377624	140.80000000000055
0.212269656242555	141.00000000000054
0.21281301970268818	141.20000000000053
0.2130381205342878	141.40000000000052
0.21326322136588743	141.6000000000005
0.21371743899184825	141.8000000000005
0.21417165661780907	142.00000000000048
0.21441214863259966	142.20000000000047
0.21477243232752197	142.40000000000046
0.21513271602244427	142.60000000000045
0.21561242804173852	142.80000000000044
0.21591215977256456	143.00000000000043
0.2162118915033906	143.20000000000041
0.21660978567881237	143.4000000000004
0.21700767985423414	143.6000000000004
0.2174055740296559	143.80000000000038
0.21780346820507768	144.00000000000037
0.21820136238049945	144.20000000000036
0.21887194569827073	144.60000000000034
0.21932235809921966	144.80000000000032
0.21977277050016858	145.0000000000003
0.22008399903160114	145.2000000000003
0.2203952275630337	145.4000000000003
0.22070645609446626	145.60000000000028
0.2211531871628112	145.80000000000027
0.22159991823115616	146.00000000000026
0.22188128636275142	146.20000000000024
0.2221626544943467	146.40000000000023
0.2226841836255504	146.60000000000022
0.223163977678235	146.8000000000002
0.22354799737535738	147.0000000000002
0.22393201707247976	147.2000000000002
0.2242104222776695	147.40000000000018
0.22459202366742045	147.60000000000016
0.22511763612573002	147.80000000000015
0.22560985439928838	148.00000000000014
0.2258600449377872	148.20000000000013
0.22630385314751145	148.40000000000012
0.2266790104582421	148.6000000000001
0.22678611005765367	148.8000000000001
0.22731889100704009	149.00000000000009
0.2278516719564265	149.20000000000007
0.2283277901654874	149.40000000000006
0.2288039083745483	149.60000000000005
0.22905305235621104	149.80000000000004
0.2295456564988477	150.00000000000003
0.2298686069158435	150.20000000000002
0.23019155733283928	150.4
0.23068600077651125	150.6
0.23118044422018322	150.79999999999998
0.2314673331283616	150.99999999999997
0.23175422203653998	151.19999999999996
0.23246363912286583	151.39999999999995
0.23275091326962535	151.59999999999994
0.23320806095536348	151.79999999999993
0.2336652086411016	151.99999999999991
0.23412235632683973	152.1999999999999
0.23445820438435663	152.3999999999999
0.23479405244187354	152.59999999999988
0.23512990049939045	152.79999999999987
0.2357226515759875	152.99999999999986
0.2358511024961484	153.19999999999985
0.23635732268848372	153.39999999999984
0.23686354288081904	153.59999999999982
0.23736976307315436	153.7999999999998
0.23776405406918236	153.9999999999998
0.23815834506521036	154.1999999999998
0.23840054961229207	154.39999999999978
0.23887413107555525	154.59999999999977
0.23934771253881842	154.79999999999976
0.23965804892124856	154.99999999999974
0.2402128557542252	155.19999999999973
0.2405594043413639	155.39999999999972
0.24090595292850261	155.5999999999997
0.2414624219261817	155.7999999999997
0.24201889092386078	155.9999999999997
0.24257535992153986	156.19999999999968
0.24313182891921895	156.39999999999966
0.24336766896755602	156.59999999999965
0.2438298302382413	156.79999999999964
0.2442655733680379	156.99999999999963
0.24470131649783447	157.19999999999962
0.24513705962763105	157.3999999999996
0.24557280275742763	157.5999999999996
0.24624668653299323	157.79999999999959
0.24692057030855882	157.99999999999957
0.24733147630440974	158.19999999999956
0.24794509657686864	158.39999999999955
0.248090242255788	158.59999999999954
0.24823538793470734	158.79999999999953
0.24911717285392776	158.99999999999952
0.24957170749185173	159.1999999999995
0.2500262421297757	159.3999999999995
0.25048077676769964	159.59999999999948
0.2509353114056236	159.79999999999947
0.2513898460435475	159.99999999999946
0.25184438068147147	160.19999999999945
0.2529435297742834	160.39999999999944
0.25330819791447984	160.59999999999943
0.25401263748199837	160.79999999999941
0.2543905615191943	160.9999999999994
0.25476848555639026	161.1999999999994
0.2554782091579054	161.39999999999938
0.2561879327594206	161.59999999999937
0.25650579604056684	161.79999999999936
0.2568236593217131	161.99999999999935
0.2576126833971915	162.19999999999933
0.25840170747266994	162.39999999999932
0.25919073154814837	162.5999999999993
0.25954796077997033	162.7999999999993
0.2599051900117923	162.9999999999993
0.2606838989059923	163.19999999999928
0.2614626078001923	163.39999999999927
0.2622413166943923	163.59999999999926
0.26302002558859233	163.79999999999924
0.2637485131722987	163.99999999999923
0.26447700075600505	164.19999999999922
0.2646788116793993	164.3999999999992
0.2648806226027935	164.5999999999992
0.26509710830916716	164.7999999999992
0.265684430010273	164.99999999999918
0.26639100503958535	165.19999999999916
0.26702927281338323	165.39999999999915
0.2662467183919456	165.59999999999914
0.2654641639705079	165.79999999999913
0.26825002059419906	165.99999999999912
0.26893038020546145	166.1999999999991
0.26961073981672384	166.3999999999991
0.27032397847092376	166.59999999999908
0.2710372171251237	166.79999999999907
0.27217147464278024	166.99999999999906
0.2733057321604368	167.19999999999905
0.2731636702665604	167.39999999999904
0.27391900720994616	167.59999999999903
0.2746743441533319	167.79999999999902
0.27542968109671767	167.999999999999
0.2761850180401034	168.199999999999
0.27811473191855424	168.39999999999898
0.2780135056958142	168.59999999999897
0.2779122794730741	168.79999999999896
0.28011132693439844	168.99999999999895
0.28094984839550396	169.19999999999894
0.2824902065192611	169.39999999999893
0.282912062020081	169.59999999999891
0.2846530446805371	169.7999999999989
0.2849392979330705	169.9999999999989
0.2843300564227083	170.19999999999888
0.2847628091867838	170.39999999999887
0.2851955619508593	170.59999999999886
0.28660341213140766	170.79999999999885
0.2889452906105545	170.99999999999883
0.289714599116955	171.19999999999882
0.2915060899033539	171.3999999999988
0.2919005128506665	171.5999999999988
0.29229493579797905	171.7999999999988
0.29501480522921775	171.99999999999878
0.29429932845517603	172.19999999999877
0.2941345436392979	172.39999999999876
0.2939697588234198	172.59999999999874
0.2991353983968564	172.79999999999873
0.30788851345593116	172.99999999999872
0.3085139681854406	173.1999999999987
0.30903049110821473	173.3999999999987
0.31102456377087917	173.5999999999987
0.3124454854369112	173.79999999999868
0.33138261056750506	173.79999999999868
0.3419171856718269	173.5999999999987
0.34260244679584534	173.3999999999987
0.35107266971702383	173.1999999999987
0.358548931156701	172.99999999999872
0.3600759092182083	172.79999999999873
0.3600851252603788	172.59999999999874
0.36117567014661645	172.39999999999876
0.3622662150328541	172.19999999999877
0.3626462869230849	171.99999999999878
0.36362550685491274	171.7999999999988
0.365137257957189	171.5999999999988
0.36664900905946524	171.3999999999988
0.3671923815066447	171.19999999999882
0.3686406490756902	170.99999999999883
0.3686725819362245	170.79999999999885
0.36991777195175624	170.59999999999886
0.37081700038632637	170.39999999999887
0.3717162288208965	170.19999999999888
0.37252575155110507	169.9999999999989
0.3738574763470098	169.7999999999989
0.37408386027203344	169.59999999999891
0.3753397582978413	169.39999999999893
0.37573919960948465	169.19999999999894
0.37677828768106486	168.99999999999895
0.37645961063328137	168.79999999999896
0.37799413804658794	168.59999999999897
0.3795286654598945	168.39999999999898
0.37952886008718895	168.199999999999
0.38026236347599246	167.999999999999
0.380995866864796	167.79999999999902
0.3817293702535995	167.59999999999903
0.382462873642403	167.39999999999904
0.38447308065788527	167.19999999999905
0.3844770218918865	166.99999999999906
0.3844809631258877	166.79999999999907
0.3855206549304568	166.59999999999908
0.3865603467350259	166.3999999999991
0.3871407465358412	166.1999999999991
0.3877211463366565	165.99999999999912
0.38712445718783745	165.79999999999913
0.38850056852567777	165.59999999999914
0.3898766798635181	165.39999999999915
0.39022615466609734	165.19999999999916
0.3908625403022556	164.99999999999918
0.39160553332442605	164.7999999999992
0.3925452917527602	164.5999999999992
0.39391882668935996	164.3999999999992
0.3952923616259597	164.19999999999922
0.3957461916425837	163.99999999999923
0.39620002165920765	163.79999999999924
0.3966300546255533	163.59999999999926
0.3970600875918989	163.39999999999927
0.39749012055824456	163.19999999999928
0.3979201535245902	162.9999999999993
0.3988221072657273	162.7999999999993
0.3997240610068644	162.5999999999993
0.400111014720843	162.39999999999932
0.40049796843482155	162.19999999999933
0.4008849221488001	161.99999999999935
0.4017669748978468	161.79999999999936
0.4026490276468935	161.59999999999937
0.40309099891254857	161.39999999999938
0.40353297017820366	161.1999999999994
0.40431967084609116	160.9999999999994
0.40510637151397866	160.79999999999941
0.40554450011773324	160.59999999999943
0.4063255312199749	160.39999999999944
0.40629710849814915	160.19999999999945
0.4069528893602409	159.99999999999946
0.4076086702223326	159.79999999999947
0.40826445108442433	159.59999999999948
0.40892023194651606	159.3999999999995
0.4095760128086078	159.1999999999995
0.4102317936706995	158.99999999999952
0.4105369263053353	158.79999999999953
0.4114456241405636	158.59999999999954
0.41235432197579197	158.39999999999955
0.4129069266799021	158.19999999999956
0.4133669887322942	157.99999999999957
0.41378382493294247	157.79999999999959
0.4142006611335907	157.5999999999996
0.41479551497393813	157.3999999999996
0.41539036881428554	157.19999999999962
0.41598522265463295	156.99999999999963
0.41658007649498036	156.79999999999964
0.41715119521070515	156.59999999999965
0.41799972892179177	156.39999999999966
0.4184356537199507	156.19999999999968
0.4188715785181096	155.9999999999997
0.4193075033162685	155.7999999999997
0.4197434281144274	155.5999999999997
0.42041773706549085	155.39999999999972
0.4210920460165543	155.19999999999973
0.42151542694532124	154.99999999999974
0.42238795112461225	154.79999999999976
0.4227276095833506	154.59999999999977
0.42306726804208894	154.39999999999978
0.4234114931258869	154.1999999999998
0.424087595983682	153.9999999999998
0.42476369884147713	153.7999999999998
0.4251736057605503	153.59999999999982
0.42558351267962347	153.39999999999984
0.42599341959869663	153.19999999999985
0.4269139899299378	152.99999999999986
0.4272620508476245	152.79999999999987
0.4278895775374281	152.59999999999988
0.42851710422723177	152.3999999999999
0.4291446309170354	152.1999999999999
0.4296267599439505	151.99999999999991
0.4301088889708656	151.79999999999993
0.43059101799778066	151.59999999999994
0.43126492493937196	151.39999999999995
0.43142952400921986	151.19999999999996
0.4320976261870206	150.99999999999997
0.4327657283648213	150.79999999999998
0.433178560113845	150.6
0.43359139186286866	150.4
0.4342050968957431	150.20000000000002
0.43481880192861755	150.00000000000003
0.4352254530466622	149.80000000000004
0.4360275564997031	149.60000000000005
0.4363356327269459	149.40000000000006
0.43664370895418875	149.20000000000007
0.43709673299172874	149.00000000000009
0.43754975702926874	148.8000000000001
0.4383795141526605	148.6000000000001
0.43882233840781537	148.40000000000012
0.4392651629333802	148.20000000000013
0.4399329786355138	148.00000000000014
0.44031598597433463	147.80000000000015
0.4406500615800927	147.60000000000016
0.44115748944687394	147.40000000000018
0.4417904654597665	147.2000000000002
0.44228855717855947	147.0000000000002
0.4427866488973524	146.8000000000002
0.4434852130933729	146.60000000000022
0.44387256961692095	146.40000000000023
0.44448000207601956	146.20000000000024
0.4450874345351182	146.00000000000026
0.44549038801863977	145.80000000000027
0.44589334150216137	145.60000000000028
0.4464565622657131	145.4000000000003
0.44701978302926487	145.2000000000003
0.4475830037928166	145.0000000000003
0.44796835522603207	144.80000000000032
0.4483537066592475	144.60000000000034
0.4494097115276312	144.20000000000036
0.44985009800467746	144.00000000000037
0.4502904844817237	143.80000000000038
0.45073087095876996	143.6000000000004
0.4511712574358162	143.4000000000004
0.45161164391286246	143.20000000000041
0.4521679129609853	143.00000000000043
0.45272418200910813	142.80000000000044
0.45305368593752404	142.60000000000045
0.45353017085658953	142.40000000000046
0.454006655775655	142.20000000000047
0.4545532079246025	142.00000000000048
0.454986319500727	141.8000000000005
0.45541943107685146	141.6000000000005
0.4559800137279176	141.40000000000052
0.4565405963789837	141.20000000000053
0.4569433125100887	141.00000000000054
0.45764035074124904	140.80000000000055
0.4579820631139896	140.60000000000056
0.45841297174587	140.40000000000057
0.45884388037775037	140.20000000000059
0.45927478900963076	140.0000000000006
0.45970569764151115	139.8000000000006
0.46013660627339154	139.60000000000062
0.4606753538641735	139.40000000000063
0.4612141014549555	139.20000000000064
0.46148025641836277	139.00000000000065
0.46201365472234496	138.80000000000067
0.46254705302632715	138.60000000000068
0.4629829943588682	138.4000000000007
0.46341893569140924	138.2000000000007
0.46393283323555656	138.0000000000007
0.4644467307797039	137.80000000000072
0.4647988752511066	137.60000000000073
0.46510247706604185	137.40000000000074
0.46580224987611724	137.20000000000076
0.4664921758526608	137.00000000000077
0.4669110502126034	136.80000000000078
0.46732992457254596	136.6000000000008
0.46774879893248855	136.4000000000008
0.46826924542365106	136.2000000000008
0.46878969191481357	136.00000000000082
0.4690816851006985	135.80000000000084
0.46953225962081546	135.60000000000085
0.46998283414093245	135.40000000000086
0.47043340866104943	135.20000000000087
0.4708839831811664	135.00000000000088
0.4714132623126912	134.8000000000009
0.47192951050612	134.6000000000009
0.47233859539296935	134.40000000000092
0.4727476802798187	134.20000000000093
0.4731567651666681	134.00000000000094
0.4735658500535175	133.80000000000095
0.47408800667088163	133.60000000000096
0.4746101632882458	133.40000000000097
0.4749265269682354	133.20000000000098
0.47551458310034517	133.000000000001
0.47615193489211516	132.800000000001
0.47655087825374964	132.60000000000102
0.4769559049831556	132.40000000000103
0.4774323987892199	132.20000000000104
0.4779088925952842	132.00000000000105
0.47823925422033314	131.80000000000106
0.4787464052792862	131.60000000000107
0.4791442686126769	131.40000000000109
0.4795421319460676	131.2000000000011
0.4800965869737975	131.0000000000011
0.48065104171889933	130.80000000000112
0.48099311366719183	130.60000000000113
0.4814631446058693	130.40000000000114
0.4819331755445468	130.20000000000115
0.48240320648322427	130.00000000000117
0.4829525375135645	129.80000000000118
0.4831880011421011	129.6000000000012
0.4837504133815286	129.4000000000012
0.48396001197301525	129.2000000000012
0.48397305862784884	129.00000000000122
0.4845369843323408	128.80000000000123
0.4849553470097153	128.60000000000124
0.4854620639261371	128.40000000000126
0.4859637900680042	128.20000000000127
0.4863708073807131	128.00000000000128
0.48677782469342196	127.80000000000128
0.4871848420061308	127.60000000000127
0.48773674071875783	127.40000000000127
0.48817004507070083	127.20000000000127
0.48860334942264383	127.00000000000126
0.4891149448006357	126.80000000000126
0.4895484897808504	126.60000000000126
0.4899820347610651	126.40000000000126
0.4904155797412798	126.20000000000125
0.4908491247214945	126.00000000000125
0.4912826697017092	125.80000000000125
0.4918527741766469	125.60000000000124
0.4923383533980385	125.40000000000124
0.4927835282123751	125.20000000000124
0.4932287030267117	125.00000000000124
0.49367387784104827	124.80000000000123
0.49411905265538486	124.60000000000123
0.49456422746972145	124.40000000000123
0.49500940228405804	124.20000000000122
0.49545457709839463	124.00000000000122
0.4958997519127312	123.80000000000122
0.4963449267270678	123.60000000000122
0.4967901015414044	123.40000000000121
0.497235276355741	123.20000000000121
0.4976804511700776	123.00000000000121
0.4981256259844142	122.8000000000012
0.49857080079875077	122.6000000000012
0.49901597561308736	122.4000000000012
0.49946115042742395	122.2000000000012
0.5000248557237428	122.0000000000012
0.5004979981627242	121.80000000000119
0.5009483775582138	121.60000000000119
0.5013987569537033	121.40000000000119
0.5018491363491928	121.20000000000118
0.5022995157446823	121.00000000000118
0.5027498951401719	120.80000000000118
0.5032002745356614	120.60000000000117
0.5036506539311509	120.40000000000117
0.5041010333266405	120.20000000000117
0.50455141272213	120.00000000000117
0.5050017921176195	119.80000000000116
0.5054521715131091	119.60000000000116
0.5059025509085986	119.40000000000116
0.5063529303040881	119.20000000000115
0.5068033096995777	119.00000000000115
0.5073177101229989	118.80000000000115
0.5077159641734696	118.60000000000115
0.5081142182239404	118.40000000000114
0.5086175691297342	118.20000000000114
0.509120920035528	118.00000000000114
0.5095196142278947	117.80000000000113
0.5099183084202614	117.60000000000113
0.5104221003691723	117.40000000000113
0.5109258923180833	117.20000000000113
0.5113513735412033	117.00000000000112
0.5117768547643233	116.80000000000112
0.5122023359874434	116.60000000000112
0.5126807556152304	116.40000000000111
0.5131591752430175	116.20000000000111
0.5135852684059784	116.00000000000111
0.5140113615689393	115.8000000000011
0.5144904343110179	115.6000000000011
0.5149695070530965	115.4000000000011
0.5155153402782287	115.2000000000011
0.5159994323491475	115.0000000000011
0.5164576271308695	114.80000000000109
0.5169158219125916	114.60000000000109
0.5173740166943136	114.40000000000109
0.5178322114760356	114.20000000000108
0.5182904062577577	114.00000000000108
0.5187486010394797	113.80000000000108
0.5192067958212018	113.60000000000107
0.5196649906029238	113.40000000000107
0.5201231853846459	113.20000000000107
0.5205813801663679	113.00000000000107
0.52103957494809	112.80000000000106
0.521497769729812	112.60000000000106
0.521955964511534	112.40000000000106
0.5224141592932561	112.20000000000105
0.5228723540749781	112.00000000000105
0.5233305488567002	111.80000000000105
0.5237887436384222	111.60000000000105
0.5243058535502201	111.40000000000104
0.5247074662282352	111.20000000000104
0.5251099920228226	111.00000000000104
0.52551251781741	110.80000000000103
0.5260284465384383	110.60000000000103
0.5265443752594665	110.40000000000103
0.5269481384588947	110.20000000000103
0.5273519016583228	110.00000000000102
0.5278687687384266	109.80000000000102
0.5283856358185304	109.60000000000102
0.5287911691351661	109.40000000000101
0.5291967024518018	109.20000000000101
0.5297140792348952	109.00000000000101
0.5302314560179886	108.800000000001
0.5306380441678464	108.600000000001
0.5310446323177043	108.400000000001
0.5315630964127226	108.200000000001
0.5320815605077409	108.000000000001
0.5324892776768413	107.80000000000099
0.5328969948459417	107.60000000000099
0.5334166142070252	107.40000000000099
0.5339362335681088	107.20000000000098
0.5343450865078937	107.00000000000098
0.5347539394476786	106.80000000000098
0.53522520096858	106.60000000000097
0.5356964624894813	106.40000000000097
0.5361677240103827	106.20000000000097
0.5366389855312841	106.00000000000097
0.5371102470521855	105.80000000000096
0.5375815085730868	105.60000000000096
0.5380527700939882	105.40000000000096
0.5385240316148896	105.20000000000095
0.538995293135791	105.00000000000095
0.5394665546566924	104.80000000000095
0.5399378161775937	104.60000000000095
0.5404090776984951	104.40000000000094
0.5408803392193965	104.20000000000094
0.5413516007402979	104.00000000000094
0.5418228622611992	103.80000000000094
0.5422941237821006	103.60000000000093
0.542765385303002	103.40000000000093
0.5432366468239034	103.20000000000093
0.5437079083448048	103.00000000000092
0.5442911789422699	102.80000000000092
0.5447640497383158	102.60000000000092
0.5452369205343618	102.40000000000092
0.5457657817565633	102.20000000000091
0.5461956714634214	102.00000000000091
0.5466255611702795	101.8000000000009
0.5471434219288748	101.6000000000009
0.54766128268747	101.4000000000009
0.5480927662349037	101.2000000000009
0.5485242497823373	101.0000000000009
0.5490437244756143	100.80000000000089
0.5495631991688914	100.60000000000089
0.5499963307883061	100.40000000000089
0.5504294624077208	100.20000000000088
0.5509506049607703	100.00000000000088
0.5514717475138198	99.80000000000088
0.5519065811921082	99.60000000000088
0.5523414148703967	99.40000000000087
0.5528642655380375	99.20000000000087
0.5533871162056783	99.00000000000087
0.5538369338974309	98.80000000000086
0.5542867515891836	98.60000000000086
0.5547983023132977	98.40000000000086
0.5553098530374119	98.20000000000086
0.5557614708622581	98.00000000000085
0.5562130886871044	97.80000000000085
0.5567264614166411	97.60000000000085
0.5572398341461777	97.40000000000084
0.5576933065807818	97.20000000000084
0.5581467790153858	97.00000000000084
0.5586620280451544	96.80000000000084
0.559177277074923	96.60000000000083
0.5596326584943971	96.40000000000083
0.5600880399138712	96.20000000000083
0.5606052194674799	96.00000000000082
0.5611223990210885	95.80000000000082
0.5615797437546572	95.60000000000082
0.562037088488226	95.40000000000082
0.5625562527691814	95.20000000000081
0.5630754170501369	95.00000000000081
0.5635347794287351	94.80000000000081
0.5639941418073333	94.6000000000008
0.5645153450432516	94.4000000000008
0.5650365482791699	94.2000000000008
0.5654979826769764	94.0000000000008
0.5659594170747828	93.8000000000008
0.5664827135563999	93.60000000000079
0.567006010038017	93.40000000000079
0.5674695709095702	93.20000000000078
0.5679331317811234	93.00000000000078
0.5684585758973991	92.80000000000078
0.5689840200136749	92.60000000000078
0.5694497619274961	92.40000000000077
0.5699155038413173	92.20000000000077
0.5704431501116272	92.00000000000077
0.570970796381937	91.80000000000076
0.5714387740506662	91.60000000000076
0.5719067517193954	91.40000000000076
0.5724366536376446	91.20000000000076
0.5729665555558938	91.00000000000075
0.5734385387741533	90.80000000000075
0.5739105219924128	90.60000000000075
0.574440553842496	90.40000000000074
0.5749705856925793	90.20000000000074
0.5754449314345563	90.00000000000074
0.5759192771765334	89.80000000000074
0.5764516925501963	89.60000000000073
0.5769841079238593	89.40000000000073
0.5774608584576085	89.20000000000073
0.5779376089913577	89.00000000000072
0.5784494209830028	88.80000000000072
0.5789612329746479	88.60000000000072
0.5794730449662929	88.40000000000072
0.579984856957938	88.20000000000071
0.5804966689495831	88.00000000000071
0.5810084809412281	87.80000000000071
0.5815202929328732	87.6000000000007
0.5820321049245183	87.4000000000007
0.5825439169161634	87.2000000000007
0.5830557289078084	87.0000000000007
0.5835140432375535	86.8000000000007
0.5840506097685446	86.60000000000069
0.5845871762995357	86.40000000000069
0.585078172553986	86.20000000000068
0.5855691688084362	86.00000000000068
0.5861091665132353	85.80000000000068
0.5866491642180344	85.60000000000068
0.5871428076190711	85.40000000000067
0.5876364510201079	85.20000000000067
0.5881780642473483	85.00000000000067
0.5887196774745888	84.80000000000067
0.5892172179146932	84.60000000000066
0.5897147583547976	84.40000000000066
0.5902591139782773	84.20000000000066
0.5908034696017571	84.00000000000065
0.591303783608715	83.80000000000065
0.591804097615673	83.60000000000065
0.5923341232983029	83.40000000000065
0.5928641489809329	83.20000000000064
0.5933941746635628	83.00000000000064
0.5939242003461928	82.80000000000064
0.5944542260288227	82.60000000000063
0.5949842517114526	82.40000000000063
0.5955142773940826	82.20000000000063
0.5960443030767125	82.00000000000063
0.5965743287593425	81.80000000000062
0.5971578082349748	81.60000000000062
0.5976938637432208	81.40000000000062
0.5982299192514667	81.20000000000061
0.5987659747597127	81.00000000000061
0.5993020302679587	80.80000000000061
0.5998380857762047	80.6000000000006
0.6003741412844507	80.4000000000006
0.6009101967926966	80.2000000000006
0.6014470237346238	80.0000000000006
0.6020042001374805	79.8000000000006
0.6025229744453987	79.60000000000059
0.603041748753317	79.40000000000059
0.6036020303547043	79.20000000000059
0.6041623119560916	79.00000000000058
0.6046842276539997	78.80000000000058
0.6052061433519077	78.60000000000058
0.6057695918701687	78.40000000000057
0.6063330403884296	78.20000000000057
0.6068581594560102	78.00000000000057
0.6073832785235908	77.80000000000057
0.6079499560634312	77.60000000000056
0.6085166336032716	77.40000000000056
0.6090450184563069	77.20000000000056
0.6095734033093422	77.00000000000055
0.6101433724536387	76.80000000000055
0.6107133415979352	76.60000000000055
0.6112450551689437	76.40000000000055
0.6117767687399521	76.20000000000054
0.6123500926216936	76.00000000000054
0.6129234165034351	75.80000000000054
0.613458522307116	75.60000000000053
0.6139936281107968	75.40000000000053
0.6145703704733506	75.20000000000053
0.6151471128359044	75.00000000000053
0.6156856750255738	74.80000000000052
0.6162242372152432	74.60000000000052
0.6168044624657393	74.40000000000052
0.6173846877162353	74.20000000000051
0.6179267711347856	74.00000000000051
0.6184688545533358	73.80000000000051
0.6190526274161491	73.6000000000005
0.6196364002789624	73.4000000000005
0.6201830654741851	73.2000000000005
0.6207297306694078	73.0000000000005
0.6213022890181878	72.8000000000005
0.6218748473669679	72.60000000000049
0.6224474057157479	72.40000000000049
0.6230199640645279	72.20000000000049
0.6235925224133079	72.00000000000048
0.6241650807620879	71.80000000000048
0.6247376391108679	71.60000000000048
0.6253278966737109	71.40000000000047
0.6258944229193336	71.20000000000047
0.6264609491649563	71.00000000000047
0.627027475410579	70.80000000000047
0.6276145648457977	70.60000000000046
0.6282016542810164	70.40000000000046
0.6287720163363258	70.20000000000046
0.6293423783916353	70.00000000000045
0.6299333355008424	69.80000000000045
0.6305242926100495	69.60000000000045
0.631098560348479	69.40000000000045
0.6316728280869085	69.20000000000044
0.6322677231891165	69.00000000000044
0.6328626182913245	68.80000000000044
0.6334408625777356	68.60000000000043
0.6340191068641466	68.40000000000043
0.634618011295671	68.20000000000043
0.6352169157271953	68.00000000000043
0.6357992084715007	67.80000000000042
0.6363815012158062	67.60000000000042
0.6369844873846092	67.40000000000042
0.6375874735534123	67.20000000000041
0.6381738877658336	67.00000000000041
0.638760301978255	66.80000000000041
0.6393674434200667	66.6000000000004
0.6399745848618784	66.4000000000004
0.6405651947101522	66.2000000000004
0.6411558045584259	66.0000000000004
0.6417671759950017	65.8000000000004
0.6423785474315774	65.60000000000039
0.6429734283004316	65.40000000000039
0.6435683091692858	65.20000000000039
0.6441839865690598	65.00000000000038
0.6447996639688339	64.80000000000038
0.6453988925220245	64.60000000000038
0.6459981210752151	64.40000000000038
0.6466181817166714	64.20000000000037
0.6472382423581277	64.00000000000037
0.6478418966033198	63.80000000000037
0.648445550848512	63.600000000000364
0.6490700733865191	63.40000000000036
0.6496945959245263	63.20000000000036
0.650302755281295	63.000000000000355
0.6509109146380637	62.80000000000035
0.6515399791733365	62.60000000000035
0.6521690437086093	62.40000000000035
0.6527817898451941	62.200000000000344
0.6533945359817789	62.00000000000034
0.6540316241367095	61.80000000000034
0.65466871229164	61.600000000000335
0.6552826963659361	61.40000000000033
0.6558966804402321	61.20000000000033
0.656538474007664	61.00000000000033
0.6571802675750958	60.800000000000324
0.6577990041504881	60.60000000000032
0.6584177407258803	60.40000000000032
0.6590643246675695	60.200000000000315
0.6597109086092586	60.00000000000031
0.6603344835929323	59.80000000000031
0.6609580585766061	59.60000000000031
0.6616095196127881	59.400000000000304
0.6622609806489702	59.2000000000003
0.6628894817533084	59.0000000000003
0.6635179828576466	58.800000000000296
0.6641744095574553	58.60000000000029
0.664830836257264	58.40000000000029
0.6654643530928823	58.20000000000029
0.6660978699285006	58.000000000000284
0.6667593528054793	57.80000000000028
0.6674208356824579	57.60000000000028
0.6680594598565576	57.400000000000276
0.6686980840306572	57.20000000000027
0.6693647156442025	57.00000000000027
0.6700313472577478	56.80000000000027
0.6706751705764045	56.600000000000264
0.6713189938950611	56.40000000000026
0.6719828370864596	56.20000000000026
0.672646680277858	56.000000000000256
0.6733105234692565	55.80000000000025
0.6739743666606549	55.60000000000025
0.6746382098520534	55.40000000000025
0.6753220536624913	55.200000000000244
0.6759750530235171	55.00000000000024
0.6766280523845429	54.80000000000024
0.6773122314137184	54.600000000000236
0.6779964104428939	54.40000000000023
0.6786549043340929	54.20000000000023
0.6793133982252919	54.00000000000023
0.6800031169183005	53.800000000000225
0.6806928356113091	53.60000000000022
0.6813569273989885	53.40000000000022
0.6820210191866678	53.200000000000216
0.6827163821393282	53.00000000000021
0.6834117450919885	52.80000000000021
0.6840815408614505	52.60000000000021
0.6847513366309124	52.400000000000205
0.6854524512280301	52.2000000000002
0.6861535658251479	52.0000000000002
0.6868291721620158	51.800000000000196
0.6875047784988837	51.60000000000019
0.6882027736311087	51.40000000000019
0.6889007687633337	51.20000000000019
0.6895987638955587	51.000000000000185
0.6902967590277838	50.80000000000018
0.6909947541600088	50.60000000000018
0.6917083555700321	50.400000000000176
0.6924030886256467	50.20000000000017
0.6930978216812613	50.00000000000017
0.693792554736876	49.80000000000017
0.6945028331288379	49.600000000000165
0.6952131115207998	49.40000000000016
0.6959233899127617	49.20000000000016
0.6966336683047236	49.000000000000156
0.6973755436138506	48.80000000000015
0.6980789163118301	48.60000000000015
0.6988038483281002	48.40000000000015
0.6995287803443703	48.200000000000145
0.7002385251558175	48.00000000000014
0.7009482699672648	47.80000000000014
0.7016796333532512	47.600000000000136
0.7024109967392377	47.400000000000134
0.7031272415736213	47.20000000000013
0.7038434864080049	47.00000000000013
0.704576396914381	46.800000000000125
0.7053093074207571	46.60000000000012
0.7060422179271333	46.40000000000012
0.7067751284335094	46.20000000000012
0.7075225540527237	46.000000000000114
0.7082532747298892	45.80000000000011
0.7089839954070547	45.60000000000011
0.7097147160842202	45.400000000000105
0.7104651064736123	45.2000000000001
0.7112154968630043	45.0000000000001
0.7119531307935362	44.8000000000001
0.712690764724068	44.600000000000094
0.7134481367507632	44.40000000000009
0.7142055087774585	44.20000000000009
0.7149502030340713	44.000000000000085
0.7156948972906841	43.80000000000008
0.7164594005216627	43.60000000000008
0.7172239037526412	43.40000000000008
0.7179758106811243	43.200000000000074
0.7187277176096073	43.00000000000007
0.7194995070427147	42.80000000000007
0.7202712964758221	42.600000000000065
0.7210305740264569	42.40000000000006
0.7217898515770916	42.20000000000006
0.7225690879849085	42.00000000000006
0.7233483243927253	41.800000000000054
0.7241151364779189	41.60000000000005
0.7248819485631125	41.40000000000005
0.7256687988642819	41.200000000000045
0.7264556491654514	41.00000000000004
0.7272301660462263	40.80000000000004
0.7280046829270012	40.60000000000004
0.7287993205878351	40.400000000000034
0.7295939582486691	40.20000000000003
0.7303763569529941	40.00000000000003
0.731158755657319	39.800000000000026
0.7319613611268365	39.60000000000002
0.732763966596354	39.40000000000002
0.7335544313726866	39.20000000000002
0.7343448961490192	39.000000000000014
0.7351556573310541	38.80000000000001
0.7359664185130891	38.60000000000001
0.7367651407277107	38.400000000000006
0.7375638629423323	38.2
0.7383799144608996	38.0
0.7391959659794668	37.8
0.740012017498034	37.599999999999994
0.7408280690166013	37.39999999999999
0.7416441205351685	37.19999999999999
0.7424601720537357	36.999999999999986
0.74328835674729	36.79999999999998
0.7441165414408443	36.59999999999998
0.7449447261343985	36.39999999999998
0.7457729108279528	36.199999999999974
0.7466010955215071	35.99999999999997
0.7474292802150614	35.79999999999997
0.7482722004105625	35.599999999999966
0.7491151206060637	35.39999999999996
0.7499580408015648	35.19999999999996
0.750800960997066	34.99999999999996
0.7516438811925671	34.799999999999955
0.7524868013880682	34.59999999999995
0.7533297215835694	34.39999999999995
0.7541869812178897	34.199999999999946
0.7550442408522101	33.99999999999994
0.7559015004865305	33.79999999999994
0.7567669676221191	33.59999999999994
0.7576274073656999	33.399999999999935
0.7584878471092806	33.19999999999993
0.7593482868528614	32.99999999999993
0.7602243812328903	32.799999999999926
0.7611004756129192	32.59999999999992
0.7619709209379188	32.39999999999992
0.7628413662629185	32.19999999999992
0.7637276023234411	31.99999999999992
0.7646138383839636	31.79999999999992
0.7654945743510088	31.59999999999992
0.766375310318054	31.39999999999992
0.7672719805377788	31.19999999999992
0.7681686507575036	30.999999999999922
0.7690599778944843	30.799999999999923
0.769951305031465	30.599999999999923
0.7708587179904882	30.399999999999924
0.7717661309495114	30.199999999999925
0.7726683665772629	29.999999999999925
0.7735706022050144	29.799999999999926
0.7744890839828226	29.599999999999927
0.7754075657606307	29.399999999999928
0.7763210454706073	29.19999999999993
0.7772345251805839	28.99999999999993
0.7781644209166433	28.79999999999993
0.7790943166527027	28.59999999999993
0.7800193956226921	28.39999999999993
0.7809444745926815	28.199999999999932
0.7818842408796661	27.999999999999932
0.7828240071666508	27.799999999999933
0.7837637734536355	27.599999999999934
0.7847087983813672	27.399999999999935
0.7856538233090989	27.199999999999935
0.786605861862468	26.999999999999936
0.787557900415837	26.799999999999937
0.7885154049538751	26.599999999999937
0.7894729094919132	26.399999999999938
0.7904376407509976	26.19999999999994
0.7914023720100821	25.99999999999994
0.7923727903601776	25.79999999999994
0.7933432087102731	25.59999999999994
0.7943210812893053	25.39999999999994
0.7952989538683376	25.199999999999942
0.7962827940230605	24.999999999999943
0.7972666341777833	24.799999999999944
0.7982581915382824	24.599999999999945
0.7992497488987814	24.399999999999945
0.8002501144038886	24.199999999999946
0.8012504799089958	23.999999999999947
0.802250845414103	23.799999999999947
0.8032512109192101	23.599999999999948
0.804267111187476	23.39999999999995
0.8052830114557418	23.19999999999995
0.8062989117240076	22.99999999999995
0.8073229309458019	22.79999999999995
0.8083469501675962	22.59999999999995
0.8093791101550931	22.399999999999952
0.8104112701425901	22.199999999999953
0.811443430130087	21.999999999999954
0.8124890634646115	21.799999999999955
0.8135346967991359	21.599999999999955
0.8145803301336604	21.399999999999956
0.8156370236571842	21.199999999999957
0.8166937171807079	20.999999999999957
0.8177557902111198	20.799999999999958
0.8188178632415316	20.59999999999996
0.8198917115586066	20.39999999999996
0.8209655598756816	20.19999999999996
0.8220394081927567	19.99999999999996
0.8231269170291343	19.79999999999996
0.824214425865512	19.599999999999962
0.8253019347018896	19.399999999999963
0.8264028562310592	19.199999999999964
0.8275037777602289	18.999999999999964
0.8286046992893985	18.799999999999965
0.8297198947047466	18.599999999999966
0.8308350901200947	18.399999999999967
0.8319554095094418	18.199999999999967
0.8330803313559838	17.999999999999968
0.8342102147704514	17.79999999999997
0.8353451242498481	17.59999999999997
0.8364851259182376	17.39999999999997
0.8376302875875127	17.19999999999997
0.8387806788215044	16.99999999999997
0.8399363701790762	16.799999999999972
0.8410974358758787	16.599999999999973
0.8422639513384327	16.399999999999974
0.8434359937925185	16.199999999999974
0.8446136437123187	15.999999999999975
0.8457969819255409	15.799999999999976
0.8469860922695873	15.599999999999977
0.8481810610281887	15.399999999999977
0.8493819769951241	15.199999999999978
0.8505889315748418	14.999999999999979
0.8518020188963531	14.79999999999998
0.8530213359336284	14.59999999999998
0.854246982632933	14.39999999999998
0.8554790620480427	14.199999999999982
0.8567176798576454	13.999999999999982
0.8579629465901115	13.799999999999983
0.8592149755496491	13.599999999999984
0.860473883696374	13.399999999999984
0.8617397926756121	13.199999999999985
0.8630128271196422	12.999999999999986
0.8642931162356715	12.799999999999986
0.8655807939098297	12.599999999999987
0.8668759987958375	12.399999999999988
0.86817887436445	12.199999999999989
0.8694895723280202	11.99999999999999
0.8708061644495227	11.79999999999999
0.8721412008264602	11.59999999999999
0.8734762372033976	11.399999999999991
0.8748197482358048	11.199999999999992
0.8761719141667335	10.999999999999993
0.8775329232706773	10.799999999999994
0.8789029706890839	10.599999999999994
0.8802822602028743	10.399999999999995
0.8816710043658245	10.199999999999996
0.8830694254026449	9.999999999999996
0.8844777556081774	9.799999999999997
0.8858962378248957	9.599999999999998
0.8873251263374209	9.399999999999999
0.8887646876083029	9.2
0.8902152015659854	9.0
0.8916769621460823	8.8
0.8931502779273883	8.600000000000001
0.8946354739833401	8.400000000000002
0.8961328928913171	8.200000000000003
0.8976428961357057	8.000000000000004
0.8991658656293003	7.800000000000004
0.900702205625872	7.600000000000004
0.9022523440843667	7.400000000000004
0.9038167356141716	7.200000000000004
0.9053953236913589	7.0000000000000036
0.9069897544676344	6.800000000000003
0.9085999862394112	6.600000000000003
0.9102264285252224	6.400000000000003
0.9118700981540245	6.200000000000003
0.9135314144099473	6.000000000000003
0.9152112099045211	5.8000000000000025
0.9169102345424432	5.600000000000002
0.9186297793657895	5.400000000000002
0.920369624158986	5.200000000000002
0.9221316572154903	5.000000000000002
0.9239167488288048	4.800000000000002
0.9257260910884555	4.600000000000001
0.9275606861853569	4.400000000000001
0.9294226015431766	4.200000000000001
0.9313131183373733	4.000000000000001
0.9332340158030142	3.800000000000001
0.9351872840777768	3.600000000000001
0.9371752176806527	3.400000000000001
0.9392002405760526	3.2000000000000006
0.9412652997276648	3.0000000000000004
0.9433737167450806	2.8000000000000003
0.9455293422457336	2.6
0.9477366848551398	2.4
0.9500010844667361	2.1999999999999997
0.9523289407824588	1.9999999999999998
0.9547281145660945	1.7999999999999998
0.957208215835897	1.5999999999999999
0.9597816071575154	1.4
0.9624642854960557	1.2
0.9652779428571293	1.0
0.9682512157881084	0.8
0.9714316267439578	0.6000000000000001
0.9748908983268726	0.4
0.9790758552536976	0.2
0.9833642543186988	0.0
