0.04735574464450398	0.0
0.047645842393782445	0.2
0.047945210955020946	0.4
0.0482910936703215	0.6000000000000001
0.048499513471163505	0.8
0.048779410920368416	1.0
0.049057319180839006	1.2
0.049333425216537004	1.4
0.04960784379511262	1.5999999999999999
0.04988073567754855	1.7999999999999998
0.05015217906933974	1.9999999999999998
0.05042231553216389	2.1999999999999997
0.05069121824979094	2.4
0.05095898464435808	2.6
0.05122566534179955	2.8000000000000003
0.051491686648277225	3.0000000000000004
0.051756113834601485	3.2000000000000006
0.05202001352846289	3.400000000000001
0.052283157292819925	3.600000000000001
0.05254574089471156	3.800000000000001
0.05280673140536405	4.000000000000001
0.05306762047554875	4.200000000000001
0.053328122951200034	4.400000000000001
0.053587710132162306	4.600000000000001
0.05384622402852664	4.800000000000002
0.054104939155734715	5.000000000000002
0.05436340777669405	5.200000000000002
0.05462143905897084	5.400000000000002
0.054878522688705716	5.600000000000002
0.05513525371216029	5.8000000000000025
0.055391331912537596	6.000000000000003
0.05564731564851068	6.200000000000003
0.055902651770806264	6.400000000000003
0.05615795650624722	6.600000000000003
0.056412247975086774	6.800000000000003
0.05666691689559979	7.0000000000000036
0.056920912641855524	7.200000000000004
0.057174735755818266	7.400000000000004
0.05742820645559622	7.600000000000004
0.05768089329311177	7.800000000000004
0.057934080891411006	8.000000000000004
0.05818720729654917	8.200000000000003
0.05843968786564806	8.400000000000002
0.05869259972010451	8.600000000000001
0.0589449354406551	8.8
0.05919715820742984	9.0
0.05945015019962652	9.2
0.05970218129303372	9.399999999999999
0.05995409061733459	9.599999999999998
0.060205888199665325	9.799999999999997
0.06045808093613483	9.999999999999996
0.06071075632414111	10.199999999999996
0.060962591675904405	10.399999999999995
0.06121393525013285	10.599999999999994
0.061465754096374337	10.799999999999994
0.06171696752943964	10.999999999999993
0.06196694432513581	11.199999999999992
0.06221811607250682	11.399999999999991
0.06246978956943722	11.59999999999999
0.06272088241148946	11.79999999999999
0.06297202566952344	11.99999999999999
0.06322313319779828	12.199999999999989
0.06347477937282862	12.399999999999988
0.06372601135813392	12.599999999999987
0.06397708944194827	12.799999999999986
0.06422880630396016	12.999999999999986
0.064479809131206	13.199999999999985
0.06473085383827437	13.399999999999984
0.06498189854534274	13.599999999999984
0.06523421014232979	13.799999999999983
0.06548652173931684	13.999999999999982
0.06573700220361099	14.199999999999982
0.06598748266790515	14.39999999999998
0.0662393806457057	14.59999999999998
0.06649127862350625	14.79999999999998
0.0667431766013068	14.999999999999979
0.06699492418708895	15.199999999999978
0.06724667177287111	15.399999999999977
0.06749843770393565	15.599999999999977
0.0677502036350002	15.799999999999976
0.06800265124970731	15.999999999999975
0.068251709477069	16.199999999999974
0.0685007677044307	16.399999999999974
0.06875660420908515	16.599999999999973
0.06900866401632264	16.799999999999972
0.06926072382356012	16.99999999999997
0.06951335008207601	17.19999999999997
0.06976597634059191	17.39999999999997
0.07001868608828074	17.59999999999997
0.07027139583596957	17.79999999999997
0.07052456474790694	17.999999999999968
0.07077773365984431	18.199999999999967
0.07103095263627522	18.399999999999967
0.07128417161270613	18.599999999999966
0.07153801436124416	18.799999999999965
0.07179185710978218	18.999999999999964
0.07204569985832021	19.199999999999964
0.07229949716543356	19.399999999999963
0.07255329447254691	19.599999999999962
0.07280709177966026	19.79999999999996
0.0730608890867736	19.99999999999996
0.0733182423289042	20.19999999999996
0.0735755955710348	20.39999999999996
0.07382794782613639	20.59999999999996
0.07408030008123798	20.799999999999958
0.0743382985849427	20.999999999999957
0.07459629708864743	21.199999999999957
0.07484931394665824	21.399999999999956
0.07510233080466905	21.599999999999955
0.07536081932856963	21.799999999999955
0.0756193078524702	21.999999999999954
0.0758731719231232	22.199999999999953
0.07612703599377621	22.399999999999952
0.07638623248898087	22.59999999999995
0.07664542898418553	22.79999999999995
0.07690002900803823	22.99999999999995
0.07715462903189094	23.19999999999995
0.07741457657119466	23.39999999999995
0.07767452411049838	23.599999999999948
0.07792989079058425	23.799999999999947
0.07818525747067012	23.999999999999947
0.07844612919844587	24.199999999999946
0.07870700092622163	24.399999999999945
0.0789630407854565	24.599999999999945
0.07921908064469138	24.799999999999944
0.07948076125346651	24.999999999999943
0.07974244186224164	25.199999999999942
0.08000412247101676	25.39999999999994
0.08025888888924024	25.59999999999994
0.08051365530746371	25.79999999999994
0.08077869061639438	25.99999999999994
0.08104372592532505	26.19999999999994
0.08129934846831685	26.399999999999938
0.08155497101130865	26.599999999999937
0.08182087370637459	26.799999999999937
0.08208677640144052	26.999999999999936
0.0823432792442126	27.199999999999935
0.08259978208698468	27.399999999999935
0.08286657613453186	27.599999999999934
0.08313337018207903	27.799999999999933
0.08339077672713587	27.999999999999932
0.0836481832721927	28.199999999999932
0.08391589151749132	28.39999999999993
0.08418359976278994	28.59999999999993
0.08444193234486852	28.79999999999993
0.0847002649269471	28.99999999999993
0.08496890919961197	29.19999999999993
0.08523755347227685	29.399999999999928
0.08549683345884868	29.599999999999927
0.0857561134454205	29.799999999999926
0.08602571465515338	29.999999999999925
0.08629531586488626	30.199999999999925
0.08655556374752682	30.399999999999924
0.08681581163016738	30.599999999999923
0.08708638985384204	30.799999999999923
0.0873569680775167	30.999999999999922
0.08761820355506571	31.19999999999992
0.08787943903261472	31.39999999999992
0.08815101359360525	31.59999999999992
0.08842258815459578	31.79999999999992
0.08868483020898536	31.99999999999992
0.08894707226337495	32.19999999999992
0.08921966180396837	32.39999999999992
0.08949225134456179	32.59999999999992
0.08975551831011265	32.799999999999926
0.09001878527566351	32.99999999999993
0.09029240782331416	33.19999999999993
0.0905660303709648	33.399999999999935
0.0908303399978741	33.59999999999994
0.09109464962478339	33.79999999999994
0.09136932265289922	33.99999999999994
0.09164399568101506	34.199999999999946
0.09190936519367998	34.39999999999995
0.09217473470634491	34.59999999999995
0.09245047519020921	34.799999999999955
0.09272621567407352	34.99999999999996
0.09299266182483057	35.19999999999996
0.09325910797558762	35.39999999999996
0.0935359324439608	35.599999999999966
0.09381275691233398	35.79999999999997
0.09408029603112053	35.99999999999997
0.09434783514990708	36.199999999999974
0.09462575973278774	36.39999999999998
0.0949036843156684	36.59999999999998
0.095172332356061	36.79999999999998
0.0954409803964536	36.999999999999986
0.09572002086942766	37.19999999999999
0.09599906134240171	37.39999999999999
0.09626883392443215	37.599999999999994
0.0965386065064626	37.8
0.09681877833201614	38.0
0.0970989501575697	38.2
0.09736986260767745	38.400000000000006
0.0976407750577852	38.60000000000001
0.09792209342391735	38.80000000000001
0.09820341179004949	39.000000000000014
0.09847547917848784	39.20000000000002
0.09874754656692619	39.40000000000002
0.09903002642336502	39.60000000000002
0.09931250627980384	39.800000000000026
0.09958574345578172	40.00000000000003
0.0998589806317596	40.20000000000003
0.10014263672404526	40.400000000000034
0.10042629281633092	40.60000000000004
0.10070071444114545	40.80000000000004
0.10097513606595998	41.00000000000004
0.10125998296763684	41.200000000000045
0.10154482986931371	41.40000000000005
0.10182045044769987	41.60000000000005
0.10209607102608603	41.800000000000054
0.10238212316921703	42.00000000000006
0.10266817531234804	42.20000000000006
0.10294500922225025	42.40000000000006
0.10322184313215246	42.600000000000065
0.10349867704205468	42.80000000000007
0.10379162610935647	43.00000000000007
0.10408457517665826	43.200000000000074
0.10435757413108078	43.40000000000008
0.1046305730855033	43.60000000000008
0.10492476067880614	43.80000000000008
0.10521894827210898	44.000000000000085
0.10549319312799131	44.20000000000009
0.10576743798387364	44.40000000000009
0.10606287654897478	44.600000000000094
0.10635831511407592	44.8000000000001
0.10663382002910489	45.0000000000001
0.10690932494413385	45.2000000000001
0.10720602861833524	45.400000000000105
0.10750273229253662	45.60000000000011
0.10777951141115476	45.80000000000011
0.10805629052977289	46.000000000000114
0.10835427344847405	46.20000000000012
0.10865225636717521	46.40000000000012
0.10893032384411565	46.60000000000012
0.10920839132105609	46.800000000000125
0.10950766764151554	47.00000000000013
0.10980694396197499	47.20000000000013
0.11008631398573013	47.400000000000134
0.11036568400948527	47.600000000000136
0.11066626793397151	47.80000000000014
0.11096685185845775	48.00000000000014
0.11124753867418943	48.200000000000145
0.11152822548992111	48.40000000000015
0.11183013128833956	48.60000000000015
0.11213203708675801	48.80000000000015
0.11241405501874013	49.000000000000156
0.11269607295072226	49.20000000000016
0.11299931498283033	49.40000000000016
0.11330255701493841	49.600000000000165
0.11358592048861658	49.80000000000017
0.11386928396229476	50.00000000000017
0.11417387669958153	50.20000000000017
0.11447846943686829	50.400000000000176
0.11476319300063785	50.60000000000018
0.11504791656440741	50.80000000000018
0.11535387461172203	51.000000000000185
0.11565983265903665	51.20000000000019
0.11594593100580303	51.40000000000019
0.1162320293525694	51.60000000000019
0.11653936746958495	51.800000000000196
0.11684670558660049	52.0000000000002
0.11713419357520821	52.2000000000002
0.11742168156381594	52.400000000000205
0.1177304146863883	52.60000000000021
0.11803914780896066	52.80000000000021
0.1183280404855684	53.00000000000021
0.11861693316217614	53.200000000000216
0.11892707642368339	53.40000000000022
0.11923721968519063	53.60000000000022
0.11952753230464862	53.800000000000225
0.1198178449241066	54.00000000000023
0.12012941367683265	54.20000000000023
0.1204409824295587	54.40000000000023
0.12073273047686725	54.600000000000236
0.1210244785241758	54.80000000000024
0.12133748836080376	55.00000000000024
0.1216504981974317	55.200000000000244
0.12194369740934977	55.40000000000025
0.12223689662126783	55.60000000000025
0.1225513633965521	55.80000000000025
0.12286583017183636	56.000000000000256
0.12316049655869307	56.20000000000026
0.12345516294554978	56.40000000000026
0.12377110279823136	56.600000000000264
0.12408704265091294	56.80000000000027
0.12438319251869706	57.00000000000027
0.12467934238648118	57.20000000000027
0.12499677176150635	57.400000000000276
0.12531420113653152	57.60000000000028
0.12561185110932216	57.80000000000028
0.1259095010821128	58.000000000000284
0.1262284367532236	58.20000000000029
0.1265473724243344	58.40000000000029
0.1268465394671297	58.60000000000029
0.12714570650992502	58.800000000000296
0.12746616560268167	59.0000000000003
0.12778662469543833	59.2000000000003
0.12808732613745819	59.400000000000304
0.12838802757947804	59.60000000000031
0.12871002759478037	59.80000000000031
0.1290320276100827	60.00000000000031
0.1293342811685967	60.200000000000315
0.12963653472711067	60.40000000000032
0.12996009356528973	60.60000000000032
0.13028365240346879	60.800000000000324
0.13058747620822178	61.00000000000033
0.13089130001297478	61.20000000000033
0.13121643599851013	61.40000000000033
0.13154157198404548	61.600000000000335
0.13184698460236172	61.80000000000034
0.13215239722067795	62.00000000000034
0.1324791291276104	62.200000000000344
0.13280586103454284	62.40000000000035
0.13311288149715744	62.60000000000035
0.13341990195977205	62.80000000000035
0.13374824903790203	63.000000000000355
0.134076596116032	63.20000000000036
0.13438524394372944	63.40000000000036
0.13469389177142688	63.600000000000364
0.13502387377334638	63.80000000000037
0.13535385577526587	64.00000000000037
0.1356641510064134	64.20000000000037
0.13597444623756094	64.40000000000038
0.13630608344660702	64.60000000000038
0.1366377206556531	64.80000000000038
0.1369496838746912	65.00000000000038
0.1372616470937293	65.20000000000039
0.13759496035294677	65.40000000000039
0.13792827361216425	65.60000000000039
0.13824192597914128	65.8000000000004
0.1385555783461183	66.0000000000004
0.13889058908829935	66.2000000000004
0.13922559983048038	66.4000000000004
0.13954096311172273	66.6000000000004
0.13985632639296508	66.80000000000041
0.14019305667187257	67.00000000000041
0.14052978695078006	67.20000000000041
0.14086651722968754	67.40000000000042
0.14117444592390474	67.60000000000042
0.14148237461812194	67.80000000000042
0.141830884657886	68.00000000000043
0.1421793946976501	68.20000000000043
0.14248909275842564	68.40000000000043
0.1427987908192012	68.60000000000043
0.14314907123967172	68.80000000000044
0.14349935166014224	69.00000000000044
0.1438108371779412	69.20000000000044
0.14412232269574013	69.40000000000045
0.14447439778973808	69.60000000000045
0.14482647288373604	69.80000000000045
0.14513977058900288	70.00000000000045
0.1454530682942697	70.20000000000046
0.14580696311897912	70.40000000000046
0.14616085794368852	70.60000000000046
0.14647599335719244	70.80000000000047
0.14679112877069636	71.00000000000047
0.14714686919071537	71.20000000000047
0.1475026096107344	71.40000000000047
0.14781961332667654	71.60000000000048
0.14815669503850631	71.80000000000048
0.1484937767503361	72.00000000000048
0.14883085846216587	72.20000000000049
0.14916794017399565	72.40000000000049
0.14950502188582543	72.60000000000049
0.1498421035976552	72.8000000000005
0.15017918530948499	73.0000000000005
0.15051626702131476	73.2000000000005
0.15085334873314454	73.4000000000005
0.15119043044497432	73.6000000000005
0.15155357343195427	73.80000000000051
0.15191671641893423	74.00000000000051
0.1522387415355937	74.20000000000051
0.15256076665225315	74.40000000000052
0.15292588541555607	74.60000000000052
0.153291004178859	74.80000000000052
0.15361501583831874	75.00000000000053
0.1539390274977785	75.20000000000053
0.15430614240821305	75.40000000000053
0.15467325731864762	75.60000000000053
0.15499928696638424	75.80000000000054
0.15532531661412086	76.00000000000054
0.15569445959380745	76.20000000000054
0.15606360257349405	76.40000000000055
0.1563916827931171	76.60000000000055
0.15671976301274015	76.80000000000055
0.15709096713923557	77.00000000000055
0.15746217126573098	77.20000000000056
0.15779233582963748	77.40000000000056
0.15812250039354397	77.60000000000056
0.15849579995909266	77.80000000000057
0.15886909952464134	78.00000000000057
0.15920138345511364	78.20000000000057
0.15953366738558594	78.40000000000057
0.15990909795974076	78.60000000000058
0.16028452853389558	78.80000000000058
0.1606189681677481	79.00000000000058
0.1609534078016006	79.20000000000059
0.16133100629747701	79.40000000000059
0.16170860479335342	79.60000000000059
0.16204523785036165	79.8000000000006
0.16238187090736989	80.0000000000006
0.16276167565184096	80.2000000000006
0.16314148039631204	80.4000000000006
0.1634803460517286	80.6000000000006
0.16381921170714514	80.80000000000061
0.16420126251526534	81.00000000000061
0.16458331332338555	81.20000000000061
0.1649244522848956	81.40000000000062
0.16526559124640566	81.60000000000062
0.16564992950040291	81.80000000000062
0.16603426775440017	82.00000000000063
0.16637772234382034	82.20000000000063
0.1667211769332405	82.40000000000063
0.16710784566645343	82.60000000000063
0.16749451439966634	82.80000000000064
0.167840328639841	83.00000000000064
0.16818614288001565	83.20000000000064
0.16857518686615575	83.40000000000065
0.16896423085229584	83.60000000000065
0.16931245055952984	83.80000000000065
0.16966067026676385	84.00000000000065
0.17005213611498712	84.20000000000066
0.1704436019632104	84.40000000000066
0.17079427484576892	84.60000000000066
0.17114494772832745	84.80000000000067
0.17153888398455738	85.00000000000067
0.17193282024078732	85.20000000000067
0.17228599600393554	85.40000000000067
0.17263917176708377	85.60000000000068
0.1730356290221201	85.80000000000068
0.17343208627715645	86.00000000000068
0.17378781673531346	86.20000000000068
0.17414354719347047	86.40000000000069
0.17454257819849361	86.60000000000069
0.17494160920351676	86.8000000000007
0.17529994840012753	87.0000000000007
0.1756582875967383	87.2000000000007
0.17605994738681746	87.4000000000007
0.17646160717689663	87.6000000000007
0.17682261151269496	87.80000000000071
0.1771836158484933	88.00000000000071
0.17758796187482223	88.20000000000071
0.17799230790115117	88.40000000000072
0.17835603627159566	88.60000000000072
0.17871976464204015	88.80000000000072
0.17912685691367888	89.00000000000072
0.17953394918531762	89.20000000000073
0.17990046312797095	89.40000000000073
0.18026697707062428	89.60000000000073
0.18067687830661874	89.80000000000074
0.1810867795426132	90.00000000000074
0.1814561433954202	90.20000000000074
0.18182550724822721	90.40000000000074
0.1822382830410519	90.60000000000075
0.1826510588338766	90.80000000000075
0.18302333990532696	91.00000000000075
0.1833956209767773	91.20000000000076
0.1838113399681902	91.40000000000076
0.18422705895960312	91.60000000000076
0.18460232771191645	91.80000000000076
0.1849775964642298	92.00000000000077
0.18539633053467855	92.20000000000077
0.1858150646051273	92.40000000000077
0.1861933948517638	92.60000000000078
0.1865717250984003	92.80000000000078
0.18699354957129985	93.00000000000078
0.1874153740441994	93.20000000000078
0.18779684316298326	93.40000000000079
0.18817831228176712	93.60000000000079
0.18860330614420007	93.8000000000008
0.189028300006633	94.0000000000008
0.1894129891701546	94.2000000000008
0.18979767833367617	94.4000000000008
0.1902259244750439	94.6000000000008
0.19065417061641166	94.80000000000081
0.19104216504136826	95.00000000000081
0.19143015946632486	95.20000000000081
0.19186174493688868	95.40000000000082
0.1922933304074525	95.60000000000082
0.19272491587801632	95.80000000000082
0.193097472745878	96.00000000000082
0.19347002961373966	96.20000000000083
0.19392558340079766	96.40000000000083
0.19438113718785566	96.60000000000083
0.19475885201137239	96.80000000000084
0.1951365668348891	97.00000000000084
0.19559401283670094	97.20000000000084
0.19605145883851277	97.40000000000084
0.19643278765942218	97.60000000000085
0.1968141164803316	97.80000000000085
0.19727521028046893	98.00000000000085
0.19773630408060627	98.20000000000086
0.1981213552860751	98.40000000000086
0.19850640649154394	98.60000000000086
0.19897125597939713	98.80000000000086
0.19943610546725032	99.00000000000087
0.1998249905636752	99.20000000000087
0.20021387566010007	99.40000000000087
0.20068259464602994	99.60000000000088
0.20115131363195982	99.80000000000088
0.20154415030249928	100.00000000000088
0.20193698697303875	100.20000000000088
0.20240969562401848	100.40000000000089
0.2028824042749982	100.60000000000089
0.20327931684317835	100.80000000000089
0.2036762294113585	101.0000000000009
0.20415305473268994	101.2000000000009
0.20462988005402138	101.4000000000009
0.20503099999246735	101.6000000000009
0.20543211993091332	101.8000000000009
0.20591319629512048	102.00000000000091
0.20639427265932764	102.20000000000091
0.20679973914900363	102.40000000000092
0.2072052056386796	102.60000000000092
0.20769067536753502	102.80000000000092
0.20817614509639043	103.00000000000092
0.20858610564273114	103.20000000000093
0.20899606618907185	103.40000000000093
0.2094860801953702	103.60000000000093
0.20997609420166857	103.80000000000094
0.2103907053145863	104.00000000000094
0.21080531642750405	104.20000000000094
0.21130003492427146	104.40000000000094
0.21179475342103887	104.60000000000095
0.21221418136743064	104.80000000000095
0.2126336093138224	105.00000000000095
0.21313320259970542	105.20000000000095
0.21363279588558842	105.40000000000096
0.21405721752353002	105.60000000000096
0.21448163916147162	105.80000000000096
0.21498628849277374	106.00000000000097
0.21549093782407586	106.20000000000097
0.2159205415303039	106.40000000000097
0.21635014523653195	106.60000000000097
0.21686004379744941	106.80000000000098
0.21736994235836687	107.00000000000098
0.2178049290618137	107.20000000000098
0.21823991576526053	107.40000000000099
0.21875526975054677	107.60000000000099
0.219270623735833	107.80000000000099
0.21971120807217986	108.000000000001
0.22015179240852673	108.200000000001
0.22067282223457335	108.400000000001
0.22119385206061998	108.600000000001
0.22164026366617756	108.800000000001
0.22208667527173515	109.00000000000101
0.2226136169353896	109.20000000000101
0.22314055859904408	109.40000000000101
0.22359304356414056	109.60000000000102
0.22404552852923704	109.80000000000102
0.22457863513688145	110.00000000000102
0.22511174174452586	110.20000000000103
0.22557056425189298	110.40000000000103
0.2260293867592601	110.60000000000103
0.22656893025236022	110.80000000000103
0.22710847374546034	111.00000000000104
0.22757391792285042	111.20000000000104
0.2280393621002405	111.40000000000104
0.2285856352097312	111.60000000000105
0.22913190831922192	111.80000000000105
0.22967818142871263	112.00000000000105
0.23011616271993166	112.20000000000105
0.23055414401115068	112.40000000000106
0.23114532428178772	112.60000000000106
0.23173650455242475	112.80000000000106
0.23218196668583876	113.00000000000107
0.23262742881925277	113.20000000000107
0.23322606225589385	113.40000000000107
0.23382469569253492	113.60000000000107
0.2342778914579543	113.80000000000108
0.23473108722337369	114.00000000000108
0.23533755022026992	114.20000000000108
0.23594401321716615	114.40000000000109
0.2364053402095978	114.60000000000109
0.23686666720202945	114.80000000000109
0.23748136834668865	115.0000000000011
0.23809606949134784	115.2000000000011
0.23856596035898794	115.4000000000011
0.23903585122662804	115.6000000000011
0.23965923564308886	115.8000000000011
0.24028262005954967	116.00000000000111
0.24076154686840798	116.20000000000111
0.24124047367726628	116.40000000000111
0.24187302764421378	116.60000000000112
0.24250558161116129	116.80000000000112
0.24299406092679016	117.00000000000112
0.24348254024241903	117.20000000000113
0.24412479658521383	117.40000000000113
0.24476705292800863	117.60000000000113
0.24526565176426707	117.80000000000113
0.2457642506005255	118.00000000000114
0.24641679501885644	118.20000000000114
0.24706933943718737	118.40000000000114
0.2475786822583532	118.60000000000115
0.24808802507951902	118.80000000000115
0.24875150361678272	119.00000000000115
0.24941498215404642	119.20000000000115
0.24993575916768176	119.40000000000116
0.25045653618131714	119.60000000000116
0.25113166409471704	119.80000000000116
0.25180679200811695	120.00000000000117
0.25233976904823324	120.20000000000117
0.25287274608834953	120.40000000000117
0.2535603184548362	120.60000000000117
0.2542478908213228	120.80000000000118
0.25479392120945654	121.00000000000118
0.25533995159759026	121.20000000000118
0.2560408560844606	121.40000000000119
0.2567417605713309	121.60000000000119
0.257301799456436	121.80000000000119
0.2578618383415411	122.0000000000012
0.2585770707039984	122.2000000000012
0.2592923030664557	122.4000000000012
0.25986742490447695	122.6000000000012
0.2604425467424982	122.8000000000012
0.26117322978994195	123.00000000000121
0.2619039128373857	123.20000000000121
0.2626345958848294	123.40000000000121
0.2631622869841776	123.60000000000122
0.2636899780835258	123.80000000000122
0.2645092064031253	124.00000000000122
0.2653284347227248	124.20000000000122
0.2658748301997359	124.40000000000123
0.266421225676747	124.60000000000123
0.2672588941338163	124.80000000000123
0.26809656259088566	125.00000000000124
0.2686627888363235	125.20000000000124
0.26922901508176134	125.40000000000124
0.2700868443823146	125.60000000000124
0.2709446736828679	125.80000000000125
0.27153264158884266	126.00000000000125
0.2721206094948174	126.20000000000125
0.27300059122777415	126.40000000000126
0.2738805729607309	126.60000000000126
0.27449251021164406	126.80000000000126
0.27510444746255724	127.00000000000126
0.27600891252797066	127.20000000000127
0.2769133775933841	127.40000000000127
0.2775519056503987	127.60000000000127
0.27819043370741336	127.80000000000128
0.27912213730010565	128.00000000000128
0.28005384089279795	128.20000000000127
0.28072207733955395	128.40000000000126
0.28139031378630996	128.60000000000124
0.28235254941227145	128.80000000000123
0.28331478503823293	129.00000000000122
0.28401648221599407	129.2000000000012
0.2847181793937552	129.4000000000012
0.2857149348875691	129.6000000000012
0.286711690381383	129.80000000000118
0.2877084458751969	130.00000000000117
0.28833279923048377	130.20000000000115
0.28895715258577065	130.40000000000114
0.29012701887354486	130.60000000000113
0.2912968851613191	130.80000000000112
0.29196968620225	131.0000000000011
0.2926424872431809	131.2000000000011
0.2938589250545658	131.40000000000109
0.29507536286595065	131.60000000000107
0.29580189953312463	131.80000000000106
0.2965284362002986	132.00000000000105
0.29779970207513634	132.20000000000104
0.29907096794997406	132.40000000000103
0.29986130603371863	132.60000000000102
0.3006516441174632	132.800000000001
0.30198857892789827	133.000000000001
0.30332551373833333	133.20000000000098
0.3041931336652289	133.40000000000097
0.3050607535921244	133.60000000000096
0.30592837351901997	133.80000000000095
0.3076451881688579	134.00000000000094
0.3093620028186958	134.20000000000093
0.3100657460992428	134.40000000000092
0.3107694893797898	134.6000000000009
0.31188324867440814	134.8000000000009
0.31299700796902646	135.00000000000088
0.3141107672636448	135.20000000000087
0.3152245265582631	135.40000000000086
0.31627176761549697	135.60000000000085
0.31731900867273083	135.80000000000084
0.31934320218355644	136.00000000000082
0.32086778672715033	136.2000000000008
0.32308454414532695	136.4000000000008
0.3253091970880061	136.6000000000008
0.32743628219662313	136.80000000000078
0.33207678221780024	137.20000000000076
0.33463564549966524	137.40000000000074
0.3372861335363187	137.80000000000072
0.36702426059335014	137.80000000000072
0.3700958787414768	137.40000000000074
0.3716027668580808	137.20000000000076
0.37418278336531496	136.80000000000078
0.3753225411022192	136.6000000000008
0.3737460872416119	136.4000000000008
0.3846502301346477	136.2000000000008
0.3885693229051311	136.00000000000082
0.38834360048086214	135.80000000000084
0.3910670190616228	135.60000000000085
0.3937904376423834	135.40000000000086
0.3966985167603256	135.20000000000087
0.39960659587826775	135.00000000000088
0.4025146749962099	134.8000000000009
0.4054227541141521	134.6000000000009
0.4075333075626441	134.40000000000092
0.40964386101113615	134.20000000000093
0.410861750247437	134.00000000000094
0.4120796394837378	133.80000000000095
0.4137732199593238	133.60000000000096
0.4154668004349098	133.40000000000097
0.4171603809104958	133.20000000000098
0.418324253322384	133.000000000001
0.4194881257342722	132.800000000001
0.42105098475906655	132.60000000000102
0.4226138437838609	132.40000000000103
0.4236598858827422	132.20000000000104
0.42470592798162354	132.00000000000105
0.42617320938934017	131.80000000000106
0.4276404907970568	131.60000000000107
0.4285981764059452	131.40000000000109
0.42955586201483364	131.2000000000011
0.4309492961209265	131.0000000000011
0.4323427302270193	130.80000000000112
0.4332310008823603	130.60000000000113
0.43411927153770125	130.40000000000114
0.4354512513025898	130.20000000000115
0.4367832310674784	130.00000000000117
0.43773184709939367	129.80000000000118
0.43868046313130893	129.6000000000012
0.4396290791632242	129.4000000000012
0.44077411362686003	129.2000000000012
0.4419191480904959	129.00000000000122
0.4428234396898464	128.80000000000123
0.4437277312891969	128.60000000000124
0.4448327287769764	128.40000000000126
0.44593772626475586	128.20000000000127
0.44680427804592493	128.00000000000128
0.447670829827094	127.80000000000128
0.44874144703816915	127.60000000000127
0.4498120642492443	127.40000000000127
0.4506460248673981	127.20000000000127
0.45147998548555185	127.00000000000126
0.45252070460134863	126.80000000000126
0.4535614237171454	126.60000000000126
0.4543669122755577	126.40000000000126
0.45517240083397	126.20000000000125
0.4561868475012409	126.00000000000125
0.4572012941685118	125.80000000000125
0.4579816691749	125.60000000000124
0.45876204418128824	125.40000000000124
0.4597532022330815	125.20000000000124
0.4607443602848748	125.00000000000124
0.46150240417160765	124.80000000000123
0.4622604480583405	124.60000000000123
0.46323080935108824	124.40000000000123
0.464201170643836	124.20000000000122
0.4649392192514067	124.00000000000122
0.4656772678589774	123.80000000000122
0.4666285743633444	123.60000000000122
0.46757988086771135	123.40000000000121
0.46835469541373764	123.20000000000121
0.46912950995976394	123.00000000000121
0.4699043245057902	122.8000000000012
0.4707761170034683	122.6000000000012
0.4716479095011463	122.4000000000012
0.4724068673210105	122.2000000000012
0.4731658251408747	122.0000000000012
0.4740225867473501	121.80000000000119
0.4748793483538255	121.60000000000119
0.4756238695775165	121.40000000000119
0.4763683908012075	121.20000000000118
0.4772114378105557	121.00000000000118
0.47805448481990387	120.80000000000118
0.47878581246388036	120.60000000000117
0.47951714010785684	120.40000000000117
0.4803476291346474	120.20000000000117
0.48117811816143796	120.00000000000117
0.48189734790427424	119.80000000000116
0.4826165776471105	119.60000000000116
0.48343553179389226	119.40000000000116
0.484254485940674	119.20000000000115
0.48496258974612744	119.00000000000115
0.4856706935515809	118.80000000000115
0.4864790233013515	118.60000000000115
0.48728735305112214	118.40000000000114
0.4879851981287438	118.20000000000114
0.48868304320636546	118.00000000000114
0.4894815632852541	117.80000000000113
0.49028008336414275	117.60000000000113
0.4909684475468034	117.40000000000113
0.49165681172946407	117.20000000000113
0.49244625485462235	117.00000000000112
0.4932356979797806	116.80000000000112
0.4939152823159689	116.60000000000112
0.49459486665215713	116.40000000000111
0.4953758948412657	116.20000000000111
0.4961569230303743	116.00000000000111
0.4968283621839635	115.8000000000011
0.49749980133755267	115.6000000000011
0.4982730152909756	115.4000000000011
0.49904622924439856	115.2000000000011
0.4997101001527256	115.0000000000011
0.5003739710610526	114.80000000000109
0.5011399180033015	114.60000000000109
0.5019058649455503	114.40000000000109
0.5025626940807686	114.20000000000108
0.5032195232159868	114.00000000000108
0.5039787034955275	113.80000000000108
0.5047378837750682	113.60000000000107
0.5053881532755249	113.40000000000107
0.5060384227759815	113.20000000000107
0.5067912954572754	113.00000000000107
0.5075441681385693	112.80000000000106
0.5081883209766336	112.60000000000106
0.5088324738146979	112.40000000000106
0.5095793968737236	112.20000000000105
0.5103263199327492	112.00000000000105
0.5109908739236704	111.80000000000105
0.5116554279145915	111.60000000000105
0.5123199819055126	111.40000000000104
0.5130326801074607	111.20000000000104
0.5137453783094088	111.00000000000104
0.5144046966702744	110.80000000000103
0.5150640150311401	110.60000000000103
0.5157716606522276	110.40000000000103
0.5164793062733151	110.20000000000103
0.5171337319895195	110.00000000000102
0.517788157705724	109.80000000000102
0.5184910805409187	109.60000000000102
0.5191940033761135	109.40000000000101
0.5198438554533751	109.20000000000101
0.5204937075306366	109.00000000000101
0.5211922147183972	108.800000000001
0.5218907219061577	108.600000000001
0.5225362977788061	108.400000000001
0.5231818736514544	108.200000000001
0.523876251917392	108.000000000001
0.5245706301833295	107.80000000000099
0.5252122078241401	107.60000000000099
0.5258537854649508	107.40000000000099
0.5265443030914134	107.20000000000098
0.5272348207178761	107.00000000000098
0.5278726604932449	106.80000000000098
0.5285105002686137	106.60000000000097
0.5291974088303308	106.40000000000097
0.529884317392048	106.20000000000097
0.5305186636995516	106.00000000000097
0.5311530100070552	105.80000000000096
0.5318365459056525	105.60000000000096
0.5325200818042499	105.40000000000096
0.5331511645231265	105.20000000000095
0.5337822472420031	105.00000000000095
0.5344626330676926	104.80000000000095
0.5351430188933821	104.60000000000095
0.5357710546734434	104.40000000000094
0.5363990904535048	104.20000000000094
0.5370765361970832	104.00000000000094
0.5377539819406616	103.80000000000094
0.5383791753514076	103.60000000000093
0.5390043687621535	103.40000000000093
0.5396790728970512	103.20000000000093
0.5403537770319489	103.00000000000092
0.5409763215898407	102.80000000000092
0.5415988661477324	102.60000000000092
0.54227101659922	102.40000000000092
0.5429431670507074	102.20000000000091
0.54356324614047	102.00000000000091
0.5441833252302326	101.8000000000009
0.5448531002454471	101.6000000000009
0.5455228752606616	101.4000000000009
0.5461406629635908	101.2000000000009
0.54675845066652	101.0000000000009
0.5474260195980821	100.80000000000089
0.5480935885296443	100.60000000000089
0.5487092503703487	100.40000000000089
0.5493249122110531	100.20000000000088
0.5499904362242988	100.00000000000088
0.5506559602375445	99.80000000000088
0.551269653858857	99.60000000000088
0.5518833474801694	99.40000000000087
0.5525469801932341	99.20000000000087
0.5532106129062988	99.00000000000087
0.5538224886808253	98.80000000000086
0.5544343644553518	98.60000000000086
0.555096252519759	98.40000000000086
0.5557581405841663	98.20000000000086
0.5563683421695576	98.00000000000085
0.5569785437549488	97.80000000000085
0.5576388273835797	97.60000000000085
0.5582991110122106	97.40000000000084
0.5589077758572716	97.20000000000084
0.5595164407023325	97.00000000000084
0.5601752561500385	96.80000000000084
0.5608340715977445	96.60000000000083
0.5614391920105619	96.40000000000083
0.5620443124233794	96.20000000000083
0.5627038524313802	96.00000000000082
0.563363392439381	95.80000000000082
0.563980935958936	95.60000000000082
0.5645984794784908	95.40000000000082
0.5652160229980457	95.20000000000081
0.5658600762764796	95.00000000000081
0.5665041295549135	94.80000000000081
0.5671205471541809	94.6000000000008
0.5677369647534484	94.4000000000008
0.568379950060339	94.2000000000008
0.5690229353672297	94.0000000000008
0.5696383426474917	93.8000000000008
0.5702537499277537	93.60000000000079
0.5708957806287192	93.40000000000079
0.5715378113296846	93.20000000000078
0.5721523197192776	93.00000000000078
0.5727668281088706	92.80000000000078
0.5734080135517874	92.60000000000078
0.5740491989947042	92.40000000000077
0.5746629160428564	92.20000000000077
0.5752766330910085	92.00000000000077
0.57591707888799	91.80000000000076
0.5765575246849716	91.60000000000076
0.5771705543333607	91.40000000000076
0.5777835839817499	91.20000000000076
0.5784233922699286	91.00000000000075
0.5790632005581072	90.80000000000075
0.5796756433922537	90.60000000000075
0.5802880862264003	90.40000000000074
0.5809273559096716	90.20000000000074
0.5815666255929429	90.00000000000074
0.5821785790754367	89.80000000000074
0.5827905325579305	89.60000000000073
0.5834293595313852	89.40000000000073
0.5840681865048399	89.20000000000073
0.584679745192119	89.00000000000072
0.585291303879398	88.80000000000072
0.5859297812381495	88.60000000000072
0.5865682585969011	88.40000000000072
0.5871795143411191	88.20000000000071
0.5877907700853372	88.00000000000071
0.5884289883191841	87.80000000000071
0.589067206553031	87.6000000000007
0.589678248690434	87.4000000000007
0.5902892908278369	87.2000000000007
0.5909273380030855	87.0000000000007
0.5915653851783341	86.8000000000007
0.592176300705327	86.60000000000069
0.5927872162323199	86.40000000000069
0.5934251781619624	86.20000000000068
0.5940631400916049	86.00000000000068
0.5946740138297416	85.80000000000068
0.5952848875678783	85.60000000000068
0.5959228479711047	85.40000000000067
0.5965608083743311	85.20000000000067
0.5971717231251654	85.00000000000067
0.5977826378759997	84.80000000000067
0.5984206785281523	84.60000000000066
0.5990587191803048	84.40000000000066
0.5996697558710253	84.20000000000066
0.6002807925617458	84.00000000000065
0.6009189934354735	83.80000000000065
0.6015571943092012	83.60000000000065
0.6021684321299143	83.40000000000065
0.6027796699506275	83.20000000000064
0.603418109349081	83.00000000000064
0.6040565487475346	82.80000000000064
0.6046680652809108	82.60000000000063
0.605279581814287	82.40000000000063
0.6059183364970774	82.20000000000063
0.6065570911798678	82.00000000000063
0.6071689625239112	81.80000000000062
0.6077808338679546	81.60000000000062
0.608419979170487	81.40000000000062
0.6090591244730194	81.20000000000061
0.6096714253574814	81.00000000000061
0.6102837262419435	80.80000000000061
0.6109233361888202	80.6000000000006
0.611562946135697	80.4000000000006
0.6121757500328338	80.2000000000006
0.6127885539299706	80.0000000000006
0.6134287013428906	79.8000000000006
0.6140688487558107	79.60000000000059
0.6146822279859191	79.40000000000059
0.6152956072160275	79.20000000000059
0.6159363638168034	79.00000000000058
0.6165771204175793	78.80000000000058
0.6171911462498567	78.60000000000058
0.6178051720821341	78.40000000000057
0.6184466085912184	78.20000000000057
0.6190880451003026	78.00000000000057
0.6197027878494418	77.80000000000057
0.620317530598581	77.60000000000056
0.620959716829582	77.40000000000056
0.6216019030605829	77.20000000000056
0.6222174321795338	77.00000000000055
0.6228329612984848	76.80000000000055
0.6234759662490627	76.60000000000055
0.6241189711996405	76.40000000000055
0.6247353553689379	76.20000000000054
0.6253517395382352	76.00000000000054
0.6259956314777162	75.80000000000054
0.6266395234171972	75.60000000000053
0.6272568306312111	75.40000000000053
0.6278741378452249	75.20000000000053
0.6285189843993346	75.00000000000053
0.6291638309534443	74.80000000000052
0.6297821286038818	74.60000000000052
0.6304004262543194	74.40000000000052
0.6310462944874555	74.20000000000051
0.6316921627205917	74.00000000000051
0.632311513223426	73.80000000000051
0.6329308637262604	73.6000000000005
0.6335668392028393	73.4000000000005
0.6342028146794182	73.2000000000005
0.6348387901559971	73.0000000000005
0.635474765632576	72.8000000000005
0.6361107411091549	72.60000000000049
0.6367467165857338	72.40000000000049
0.6373826920623127	72.20000000000049
0.6380186675388916	72.00000000000048
0.6386546430154705	71.80000000000048
0.6392906184920494	71.60000000000048
0.6399792425559199	71.40000000000047
0.6406067535389367	71.20000000000047
0.6412342645219535	71.00000000000047
0.641880542823822	70.80000000000047
0.6425268211256905	70.60000000000046
0.6431556737557174	70.40000000000046
0.6437845263857442	70.20000000000046
0.6444321770086535	70.00000000000045
0.6450798276315628	69.80000000000045
0.6457100871239021	69.60000000000045
0.6463403466162414	69.40000000000045
0.6469894347112328	69.20000000000044
0.6476385228062242	69.00000000000044
0.64827025433166	68.80000000000044
0.6489019858570957	68.60000000000043
0.6495525765660218	68.40000000000043
0.650203167274948	68.20000000000043
0.6508364360313497	68.00000000000043
0.6514697047877513	67.80000000000042
0.6521218616232789	67.60000000000042
0.6527740184588064	67.40000000000042
0.6534135170108345	67.20000000000041
0.6540530155628625	67.00000000000041
0.6546925141148906	66.80000000000041
0.6553425081525919	66.6000000000004
0.6559925021902931	66.4000000000004
0.6566336846355058	66.2000000000004
0.6572748670807184	66.0000000000004
0.6579265767408444	65.8000000000004
0.6585782864009705	65.60000000000039
0.6592212185070565	65.40000000000039
0.6598641506131425	65.20000000000039
0.6605176417999801	65.00000000000038
0.6611711329868176	64.80000000000038
0.6618158808512571	64.60000000000038
0.6624606287156966	64.40000000000038
0.6631159676991653	64.20000000000037
0.663771306682634	64.00000000000037
0.6644179368052844	63.80000000000037
0.6650645669279348	63.600000000000364
0.6657218204165994	63.40000000000036
0.6663790739052641	63.20000000000036
0.6670276532619229	63.000000000000355
0.6676762326185818	62.80000000000035
0.6683354678337493	62.60000000000035
0.6689947030489168	62.40000000000035
0.6696452991660854	62.200000000000344
0.670295895283254	62.00000000000034
0.6709571800344108	61.80000000000034
0.6716184647855677	61.600000000000335
0.6722711458166825	61.40000000000033
0.6729238268477972	61.20000000000033
0.6735872296096204	61.00000000000033
0.6742506323714436	60.800000000000324
0.674905467174818	60.60000000000032
0.6755603019781925	60.40000000000032
0.6762258919694171	60.200000000000315
0.6768914819606416	60.00000000000031
0.6775485401793893	59.80000000000031
0.6782055983981369	59.60000000000031
0.6788734456625346	59.400000000000304
0.6795412929269323	59.2000000000003
0.6802006450711557	59.0000000000003
0.6808599972153792	58.800000000000296
0.6815301727051468	58.60000000000029
0.6822003481949145	58.40000000000029
0.6828620657264465	58.20000000000029
0.6835237832579785	58.000000000000284
0.6841963589198282	57.80000000000028
0.684868934581678	57.60000000000028
0.6855330900016895	57.400000000000276
0.686197245421701	57.20000000000027
0.6868722942859844	57.00000000000027
0.6875473431502678	56.80000000000027
0.6882140100900684	56.600000000000264
0.6888806770298691	56.40000000000026
0.6895582733030563	56.20000000000026
0.6902358695762435	56.000000000000256
0.6909051228916304	55.80000000000025
0.6915743762070173	55.60000000000025
0.6922545953679102	55.40000000000025
0.6929348145288031	55.200000000000244
0.6936067303983295	55.00000000000024
0.694278646267856	54.80000000000024
0.6949615651679092	54.600000000000236
0.6956444840679624	54.40000000000023
0.6963191400955255	54.20000000000023
0.6969937961230886	54.00000000000023
0.6976794930912654	53.800000000000225
0.6983651900594422	53.60000000000022
0.6990426653816241	53.40000000000022
0.699720140703806	53.200000000000216
0.7004086956564134	53.00000000000021
0.7010972506090208	52.80000000000021
0.7017776260076518	52.60000000000021
0.7024580014062828	52.400000000000205
0.7031494959622657	52.2000000000002
0.7038409905182487	52.0000000000002
0.7045243485386954	51.800000000000196
0.7052077065591421	51.60000000000019
0.7059022241613745	51.40000000000019
0.7065967417636069	51.20000000000019
0.7072831668393335	51.000000000000185
0.70796959191506	50.80000000000018
0.7086672179581941	50.60000000000018
0.7093648440013282	50.400000000000176
0.7100544225853312	50.20000000000017
0.7107440011693343	50.00000000000017
0.7114448231348361	49.80000000000017
0.712145645100338	49.600000000000165
0.712838465804105	49.40000000000016
0.7135312865078721	49.20000000000016
0.714235394106925	49.000000000000156
0.714939501705978	48.80000000000015
0.7156356554466823	48.60000000000015
0.7163318091873866	48.40000000000015
0.7170392945124093	48.200000000000145
0.7177467798374321	48.00000000000014
0.7184463599941486	47.80000000000014
0.7191459401508652	47.600000000000136
0.7198568978364609	47.400000000000134
0.7205678555220566	47.20000000000013
0.7212709581018565	47.00000000000013
0.7219740606816564	46.800000000000125
0.7226885880759017	46.60000000000012
0.7234031154701471	46.40000000000012
0.7241098392850199	46.20000000000012
0.7248165630998927	46.000000000000114
0.7255347604469503	45.80000000000011
0.7262529577940079	45.60000000000011
0.7269634046496638	45.400000000000105
0.7276738515053197	45.2000000000001
0.7283958221404843	45.0000000000001
0.7291177927756488	44.8000000000001
0.7298320676733441	44.600000000000094
0.7305463425710393	44.40000000000009
0.7312721931294336	44.20000000000009
0.7319980436878278	44.000000000000085
0.7327162550405133	43.80000000000008
0.7334344663931988	43.60000000000008
0.7341643070334279	43.40000000000008
0.7348941476736571	43.200000000000074
0.7356164070760107	43.00000000000007
0.7363386664783643	42.80000000000007
0.7370704689884395	42.600000000000065
0.7378022714985147	42.40000000000006
0.73853407400859	42.20000000000006
0.7392647441208404	42.00000000000006
0.7399954142330909	41.800000000000054
0.7407314695000031	41.60000000000005
0.7414675247669154	41.40000000000005
0.7422025094913451	41.200000000000045
0.7429374942157749	41.00000000000004
0.7436779256238605	40.80000000000004
0.744418357031946	40.60000000000004
0.7451577820715706	40.400000000000034
0.7458972071111951	40.20000000000003
0.7466421427257445	40.00000000000003
0.7473870783402938	39.800000000000026
0.7481310742426062	39.60000000000002
0.7488750701449185	39.40000000000002
0.7496246430439003	39.20000000000002
0.7503742159428821	39.000000000000014
0.7511229184452337	38.80000000000001
0.7518716209475853	38.60000000000001
0.7526259695812623	38.400000000000006
0.7533803182149392	38.2
0.7541338686193197	38.0
0.7548874190237003	37.8
0.7556466876052307	37.599999999999994
0.7564059561867611	37.39999999999999
0.7571645017672588	37.19999999999999
0.7579230473477565	36.999999999999986
0.7586873862782684	36.79999999999998
0.7594517252087802	36.59999999999998
0.7602154196554488	36.39999999999998
0.7609791141021174	36.199999999999974
0.7617486804342242	35.99999999999997
0.762518246766331	35.79999999999997
0.7632872506696866	35.599999999999966
0.7640562545730423	35.39999999999996
0.7648312125173112	35.19999999999996
0.7656061704615802	34.99999999999996
0.7663806518425502	34.799999999999955
0.7671551332235202	34.59999999999995
0.7679356547030355	34.39999999999995
0.7687161761825507	34.199999999999946
0.7694963110733714	33.99999999999994
0.770276445964192	33.79999999999994
0.7710627112231007	33.59999999999994
0.7718489764820093	33.399999999999935
0.7726349495643842	33.19999999999993
0.773420922646759	32.99999999999993
0.7742131209195572	32.799999999999926
0.7750053191923554	32.59999999999992
0.7757973245001173	32.39999999999992
0.7765893298078792	32.19999999999992
0.7773876600572082	31.99999999999992
0.7781859903065371	31.79999999999992
0.7789842320011715	31.59999999999992
0.7797824736958059	31.39999999999992
0.7805871454277494	31.19999999999992
0.781391817159693	30.999999999999922
0.7821965103883852	30.799999999999923
0.7830012036170775	30.599999999999923
0.7838124377843616	30.399999999999924
0.7846236719516457	30.199999999999925
0.7854350437990828	29.999999999999925
0.7862464156465199	29.799999999999926
0.7870644456517212	29.599999999999927
0.7878824756569225	29.399999999999928
0.7887007662039214	29.19999999999993
0.7895190567509203	28.99999999999993
0.7903441295638225	28.79999999999993
0.7911692023767247	28.59999999999993
0.7919946658809923	28.39999999999993
0.7928201293852599	28.199999999999932
0.7936525067909251	27.999999999999932
0.7944848841965904	27.799999999999933
0.7953177904135903	27.599999999999934
0.7961506966305902	27.399999999999935
0.7969906566276588	27.199999999999935
0.7978306166247273	26.999999999999936
0.7986712522898667	26.799999999999937
0.799511887955006	26.599999999999937
0.8003597263273059	26.399999999999938
0.8012075646996057	26.19999999999994
0.8020562351969089	25.99999999999994
0.8029049056942121	25.79999999999994
0.803760937772173	25.59999999999994
0.8046169698501338	25.39999999999994
0.8054753454389725	25.199999999999942
0.8063337210278112	24.999999999999943
0.8071920966166499	24.799999999999944
0.8080596465714589	24.599999999999945
0.8089271965262679	24.399999999999945
0.8097943727438653	24.199999999999946
0.8106615489614628	23.999999999999947
0.8115379184120288	23.799999999999947
0.8124142878625948	23.599999999999948
0.8132908404691724	23.39999999999995
0.81416739307575	23.19999999999995
0.8150531428238827	22.99999999999995
0.8159388925720155	22.79999999999995
0.8168250361724739	22.59999999999995
0.8177111797729324	22.399999999999952
0.8186067347598446	22.199999999999953
0.8195022897467568	21.999999999999954
0.8203984505106477	21.799999999999955
0.8212946112745387	21.599999999999955
0.8222006231611217	21.399999999999956
0.8231066350477048	21.199999999999957
0.8240130429565542	20.999999999999957
0.8249194508654036	20.799999999999958
0.8258362181766706	20.59999999999996
0.8267529854879376	20.39999999999996
0.8276704146616145	20.19999999999996
0.8285878438352914	19.99999999999996
0.8295162201647787	19.79999999999996
0.8304445964942659	19.599999999999962
0.8313729728237532	19.399999999999963
0.8323013491532405	19.199999999999964
0.8332411450272673	18.999999999999964
0.8341809409012941	18.799999999999965
0.835120736775321	18.599999999999966
0.836068150307453	18.399999999999967
0.837015563839585	18.199999999999967
0.8379682264157934	17.999999999999968
0.8389208889920018	17.79999999999997
0.8398813281186693	17.59999999999997
0.8408417672453369	17.39999999999997
0.8418078929022411	17.19999999999997
0.8427740185591454	16.99999999999997
0.843749505085402	16.799999999999972
0.8447249916116587	16.599999999999973
0.845700365606537	16.399999999999974
0.8466868309298028	16.199999999999974
0.8476732962530685	15.999999999999975
0.8486601324466939	15.799999999999976
0.8496575993437726	15.599999999999977
0.8506550662408513	15.399999999999977
0.8516574696755054	15.199999999999978
0.8526598731101594	14.999999999999979
0.853673721647849	14.79999999999998
0.8546875701855386	14.59999999999998
0.8557014187232282	14.39999999999998
0.856728619849645	14.199999999999982
0.8577558209760617	13.999999999999982
0.858787131862673	13.799999999999983
0.8598184427492842	13.599999999999984
0.8608637164593023	13.399999999999984
0.8619089901693203	13.199999999999985
0.8629590307392557	12.999999999999986
0.8640139261849032	12.799999999999986
0.8650737672844818	12.599999999999987
0.8661384320760919	12.399999999999988
0.8672084846603744	12.199999999999989
0.868283776785527	11.99999999999999
0.8693643703157524	11.79999999999999
0.8704504838811218	11.59999999999999
0.8715421766281207	11.399999999999991
0.872639576034535	11.199999999999992
0.8737442728138761	10.999999999999993
0.8748533962661055	10.799999999999994
0.8759685839328496	10.599999999999994
0.8770899714947568	10.399999999999995
0.8782177000828113	10.199999999999996
0.8793519162660733	9.999999999999996
0.8804927730259879	9.799999999999997
0.8816404294605825	9.599999999999998
0.8827950513606844	9.399999999999999
0.8839568127477171	9.2
0.8851249028967316	9.0
0.8863015962891432	8.8
0.8874860456989091	8.600000000000001
0.8886783694571267	8.400000000000002
0.889878979281528	8.200000000000003
0.8910877920759325	8.000000000000004
0.8923048983753399	7.800000000000004
0.8935312162831494	7.600000000000004
0.8947667102850759	7.400000000000004
0.8960117121838643	7.200000000000004
0.897266212975484	7.0000000000000036
0.8985307200621286	6.800000000000003
0.8998059694029907	6.600000000000003
0.9010914962581982	6.400000000000003
0.902388079317474	6.200000000000003
0.9036961119921981	6.000000000000003
0.9050160126762228	5.8000000000000025
0.9063482281674464	5.600000000000002
0.9076932344426817	5.400000000000002
0.9090515400065954	5.200000000000002
0.9104233475861024	5.000000000000002
0.9118097199577262	4.800000000000002
0.9132118963082446	4.600000000000001
0.914629268205653	4.400000000000001
0.9160627882667787	4.200000000000001
0.917513873617246	4.000000000000001
0.9189837407881297	3.800000000000001
0.9204717583459311	3.600000000000001
0.9219801332998867	3.400000000000001
0.9235098394051748	3.2000000000000006
0.9250624281164291	3.0000000000000004
0.9266382072574136	2.8000000000000003
0.9282397788544607	2.6
0.9298684813512069	2.4
0.931526272024239	2.1999999999999997
0.9332153179986713	1.9999999999999998
0.9349381217012596	1.7999999999999998
0.9366974887418347	1.5999999999999999
0.9384967559729404	1.4
0.9403391529949742	1.2
0.9422306559753248	1.0
0.9441765151871809	0.8
0.9539483383997421	0.6000000000000001
0.9534888955909703	0.4
0.9504029835831799	0.2
0.952644255355496	0.0
