0.016635745681301394	0.0
0.01675555640787301	0.2
0.01689204158278399	0.4
0.016987405914725928	0.6000000000000001
0.017100226698843094	0.8
0.017211336977262376	1.0
0.017320956809525494	1.2
0.017429275163628213	1.4
0.01753642359025995	1.5999999999999999
0.017642516205090275	1.7999999999999998
0.01774771464970795	1.9999999999999998
0.01785192126938772	2.1999999999999997
0.017955425261999374	2.4
0.01805813126536113	2.6
0.018160137646716076	2.8000000000000003
0.01826150085088471	3.0000000000000004
0.01836226054311468	3.2000000000000006
0.0184624555804322	3.400000000000001
0.018562112737538695	3.600000000000001
0.018661273396701934	3.800000000000001
0.01875995693859579	4.000000000000001
0.018858066752199903	4.200000000000001
0.018955893366104933	4.400000000000001
0.019053347396955366	4.600000000000001
0.019150388578230326	4.800000000000002
0.01924704645017257	5.000000000000002
0.01934359090382262	5.200000000000002
0.019439419933105863	5.400000000000002
0.0195351534074277	5.600000000000002
0.019630621677103735	5.8000000000000025
0.019725740731430897	6.000000000000003
0.01982059014085628	6.200000000000003
0.01991520673708127	6.400000000000003
0.020009550768232496	6.600000000000003
0.020103741941758548	6.800000000000003
0.02019762671181774	7.0000000000000036
0.020291544270908596	7.200000000000004
0.020384958788678898	7.400000000000004
0.020478330570709222	7.600000000000004
0.020571356320462274	7.800000000000004
0.020664203235828963	8.000000000000004
0.02075695637315055	8.200000000000003
0.02084944074184916	8.400000000000002
0.02094186857368964	8.600000000000001
0.02103400922508828	8.8
0.021125998737509984	9.0
0.021217942651329584	9.2
0.021309613709988098	9.399999999999999
0.021401245111261596	9.599999999999998
0.02149270384251645	9.799999999999997
0.021583963894295687	9.999999999999996
0.021674773383739087	10.199999999999996
0.021766210460243005	10.399999999999995
0.021857374721721834	10.599999999999994
0.021948219191877852	10.799999999999994
0.022038969962595613	10.999999999999993
0.022129605682300574	11.199999999999992
0.022220081442948663	11.399999999999991
0.02231036408410256	11.59999999999999
0.022400223984255042	11.79999999999999
0.02249042078351004	11.99999999999999
0.022580609137933885	12.199999999999989
0.022670575279777595	12.399999999999988
0.02276045997131851	12.599999999999987
0.022850264140647676	12.799999999999986
0.022939660305132434	12.999999999999986
0.023029505376881206	13.199999999999985
0.023119095036363297	13.399999999999984
0.023208607564189028	13.599999999999984
0.023298063484063162	13.799999999999983
0.023387432815944038	13.999999999999982
0.02347673151977393	14.199999999999982
0.023566015761896947	14.39999999999998
0.023655184079995947	14.59999999999998
0.023744287136321294	14.79999999999998
0.023833326749894766	14.999999999999979
0.023922304651674723	15.199999999999978
0.02401137257320445	15.399999999999977
0.024100238785550464	15.599999999999977
0.024189047719724764	15.799999999999976
0.024277800892533223	15.999999999999975
0.024366499761486225	16.199999999999974
0.024455508279872105	16.399999999999974
0.024544113726162033	16.599999999999973
0.02463266856552248	16.799999999999972
0.024721174086832404	16.99999999999997
0.024809631538150176	17.19999999999997
0.024898042119512933	17.39999999999997
0.02498640698832706	17.59999999999997
0.025074727261657142	17.79999999999997
0.02516300401825567	17.999999999999968
0.025251238300382662	18.199999999999967
0.025339431115452497	18.399999999999967
0.025427583437536216	18.599999999999966
0.025515696208742285	18.799999999999965
0.02560377034049223	18.999999999999964
0.025691806714706392	19.199999999999964
0.025779806184910395	19.399999999999963
0.0258677695772718	19.599999999999962
0.025955697691575	19.79999999999996
0.0260435913021402	19.99999999999996
0.0261314849127054	20.19999999999996
0.026219277972546334	20.39999999999996
0.026307071032387268	20.59999999999996
0.0263948640922282	20.799999999999958
0.02648256721045779	20.999999999999957
0.026570270328687376	21.199999999999957
0.026657973446916963	21.399999999999956
0.026745583202729545	21.599999999999955
0.026833192958542126	21.799999999999955
0.026920802714354708	21.999999999999954
0.02700834213096826	22.199999999999953
0.027095881547581815	22.399999999999952
0.02718337925295464	22.59999999999995
0.027270876958327465	22.79999999999995
0.0273583126946751	22.99999999999995
0.027445748431022737	23.19999999999995
0.027533184167370373	23.39999999999995
0.027620526557480946	23.599999999999948
0.02770786894759152	23.799999999999947
0.027795211337702092	23.999999999999947
0.02788252714075494	24.199999999999946
0.027969842943807787	24.399999999999945
0.028057042175081336	24.599999999999945
0.028144241406354884	24.799999999999944
0.028231504552034298	24.999999999999943
0.02831876769771371	25.199999999999942
0.02840589729788847	25.39999999999994
0.02849302689806323	25.59999999999994
0.028580194964492968	25.79999999999994
0.028667363030922707	25.99999999999994
0.028754412872387513	26.19999999999994
0.02884146271385232	26.399999999999938
0.02892855315826061	26.599999999999937
0.029015643602668898	26.799999999999937
0.02910261780077234	26.999999999999936
0.029189591998875785	27.199999999999935
0.029276608629454748	27.399999999999935
0.02936362526003371	27.599999999999934
0.02945052733034849	27.799999999999933
0.029537429400663267	27.999999999999932
0.02962437558870441	28.199999999999932
0.029711321776745552	28.39999999999993
0.029798154694904676	28.59999999999993
0.0298849876130638	28.79999999999993
0.029971865904519293	28.99999999999993
0.030058744195974787	29.19999999999993
0.030145510397501	29.399999999999928
0.030232276599027216	29.599999999999927
0.03031904280055343	29.799999999999926
0.03040585433609711	29.999999999999925
0.030492665871640793	30.199999999999925
0.030579477407184474	30.399999999999924
0.030666288942728156	30.599999999999923
0.03075275517276801	30.799999999999923
0.030839221402807867	30.999999999999922
0.03092611112166964	31.19999999999992
0.03101300084053141	31.39999999999992
0.031099890559393183	31.59999999999992
0.031186028748177587	31.79999999999992
0.03127216693696199	31.99999999999992
0.031358305125746395	32.19999999999992
0.03144580826928409	32.39999999999992
0.03153331141282178	32.59999999999992
0.03162081455635947	32.799999999999926
0.03170545123259648	32.99999999999993
0.03179008790883349	33.19999999999993
0.03187847094174253	33.399999999999935
0.03196685397465157	33.59999999999994
0.03205143044866109	33.79999999999994
0.032136006922670615	33.99999999999994
0.03222432974173082	34.199999999999946
0.03231265256079102	34.39999999999995
0.032397168904484526	34.59999999999995
0.03248168524817803	34.799999999999955
0.03256994789932777	34.99999999999996
0.032658210550477504	35.19999999999996
0.03274266664910996	35.39999999999996
0.03282712274774241	35.599999999999966
0.032915324976475674	35.79999999999997
0.03300352720520894	35.99999999999997
0.033087922496107085	36.199999999999974
0.03317231778700523	36.39999999999998
0.03326045910435784	36.59999999999998
0.03334860042171045	36.79999999999998
0.03343293449553254	36.999999999999986
0.033517268569354636	37.19999999999999
0.033605348296404526	37.39999999999999
0.033693428023454416	37.599999999999994
0.03377770010156025	37.8
0.03386197217966608	38.0
0.03394998949016908	38.2
0.03403800680067208	38.400000000000006
0.03412221620980355	38.60000000000001
0.03420642561893503	38.80000000000001
0.034294379350952496	39.000000000000014
0.034382333082969965	39.20000000000002
0.03446647833410711	39.40000000000002
0.03455062358524426	39.60000000000002
0.03463851233478835	39.800000000000026
0.03472640108433245	40.00000000000003
0.03481048068453846	40.20000000000003
0.03489456028474447	40.400000000000034
0.03498238281035065	40.60000000000004
0.035070205335956825	40.80000000000004
0.03515425899814507	41.00000000000004
0.03523831266033331	41.200000000000045
0.035326027439271004	41.40000000000005
0.0354137422182087	41.60000000000005
0.035497727345267516	41.800000000000054
0.03558171247232633	42.00000000000006
0.035669357885441864	42.20000000000006
0.0357570032985574	42.40000000000006
0.03584091819275907	42.600000000000065
0.03592483308696075	42.80000000000007
0.036012407373913986	43.00000000000007
0.036099981660867225	43.200000000000074
0.03618382450444188	43.40000000000008
0.036267667348016536	43.60000000000008
0.03635516863851178	43.80000000000008
0.03644266992900702	44.000000000000085
0.03652643879857191	44.20000000000009
0.0366102076681368	44.40000000000009
0.036697633990474966	44.600000000000094
0.03678506031281313	44.8000000000001
0.03686875320233583	45.0000000000001
0.036952446091858535	45.2000000000001
0.03703979517388833	45.400000000000105
0.03712714425591812	45.60000000000011
0.03721075885332367	45.80000000000011
0.037294373450729223	46.000000000000114
0.037381643157654645	46.20000000000012
0.03746891286458007	46.40000000000012
0.03755244696921017	46.60000000000012
0.037635981073840266	46.800000000000125
0.03772316916781938	47.00000000000013
0.03781035726179849	47.20000000000013
0.03789380859751136	47.400000000000134
0.03797725993322423	47.600000000000136
0.038064364104273836	47.80000000000014
0.03815146827532344	48.00000000000014
0.03823483449703458	48.200000000000145
0.038318200718745726	48.40000000000015
0.03840521859102539	48.60000000000015
0.03849223646330506	48.80000000000015
0.03857551516303178	49.000000000000156
0.0386587938627585	49.20000000000016
0.03874572300037931	49.40000000000016
0.03883265213800012	49.600000000000165
0.03891584085044723	49.80000000000017
0.03899902956289433	50.00000000000017
0.03908586747528629	50.20000000000017
0.03917270538767825	50.400000000000176
0.039255801595399875	50.60000000000018
0.0393388978031215	50.80000000000018
0.039425641949873726	51.000000000000185
0.039512386096625954	51.20000000000019
0.03959538651448327	51.40000000000019
0.03967838693234059	51.60000000000019
0.03976503458885331	51.800000000000196
0.03985168224536603	52.0000000000002
0.03993458794977758	52.2000000000002
0.04001749365418912	52.400000000000205
0.040104050517549644	52.60000000000021
0.04019060738091017	52.80000000000021
0.040273412836839446	53.00000000000021
0.040356218292768725	53.200000000000216
0.040442673575750175	53.40000000000022
0.040529128858731625	53.60000000000022
0.0406118313546647	53.800000000000225
0.04069453385059778	54.00000000000023
0.04078088482780387	54.20000000000023
0.04086723580500996	54.40000000000023
0.04094983259875649	54.600000000000236
0.04103242939250301	54.80000000000024
0.04111867330870321	55.00000000000024
0.04120491722490341	55.200000000000244
0.04128740554626758	55.40000000000025
0.04136989386763175	55.60000000000025
0.0414560279413523	55.80000000000025
0.04154216201507285	56.000000000000256
0.04162453906934872	56.20000000000026
0.04170691612362459	56.40000000000026
0.04179293755054958	56.600000000000264
0.04187895897747457	56.80000000000027
0.041961221948758474	57.00000000000027
0.04204348492004238	57.20000000000027
0.042129390876238695	57.400000000000276
0.04221529683243501	57.60000000000028
0.042297442886767116	57.80000000000028
0.04237958894109922	58.000000000000284
0.042465376586075555	58.20000000000029
0.04255116423105189	58.40000000000029
0.04263319051939821	58.60000000000029
0.04271521680774454	58.800000000000296
0.04280088328735718	59.0000000000003
0.04288654976696982	59.2000000000003
0.04296845342805446	59.400000000000304
0.043050357089139096	59.60000000000031
0.043135899538352646	59.80000000000031
0.043221441987566195	60.00000000000031
0.04330322015056401	60.200000000000315
0.04338499831356182	60.40000000000032
0.0434704138590741	60.60000000000032
0.04355582940458638	60.800000000000324
0.04363747919168409	61.00000000000033
0.0437191289787818	61.20000000000033
0.04380441474152143	61.40000000000033
0.04388970050426105	61.600000000000335
0.043971219033094346	61.80000000000034
0.04405273756192764	62.00000000000034
0.044137890659432265	62.200000000000344
0.04422304375693689	62.40000000000035
0.0443044281429117	62.60000000000035
0.044385812528886515	62.80000000000035
0.044470830077567226	63.000000000000355
0.04455584762624794	63.20000000000036
0.04463709498475149	63.40000000000036
0.044718342343255044	63.600000000000364
0.04480322146055512	63.80000000000037
0.044886232593628256	64.00000000000037
0.04496920836405153	64.20000000000037
0.0450521841344748	64.40000000000038
0.045135159904898074	64.60000000000038
0.04521813567532135	64.80000000000038
0.045300756118338274	65.00000000000038
0.0453833765613552	65.20000000000039
0.045466314393715235	65.40000000000039
0.04554925222607527	65.60000000000039
0.04563172701083627	65.8000000000004
0.04571420179559728	66.0000000000004
0.04579699258392842	66.2000000000004
0.045879783372259564	66.4000000000004
0.04596210962333702	66.6000000000004
0.04604443587441448	66.80000000000041
0.04612707675910864	67.00000000000041
0.0462097176438028	67.20000000000041
0.046291892507041264	67.40000000000042
0.04637406737027973	67.60000000000042
0.046456555502157645	67.80000000000042
0.04653904363403556	68.00000000000043
0.04662106426652069	68.20000000000043
0.04670308489900582	68.40000000000043
0.04678541744094559	68.60000000000043
0.04686774998288536	68.80000000000044
0.046949613554535044	69.00000000000044
0.04703147712618473	69.20000000000044
0.04711365125467494	69.40000000000045
0.04719582538316515	69.60000000000045
0.04727752907824762	69.80000000000045
0.047359232773330096	70.00000000000045
0.047441100821466	70.20000000000046
0.0475229688696019	70.40000000000046
0.047604652912434126	70.60000000000046
0.04768633695526635	70.80000000000047
0.04776804098009497	71.00000000000047
0.04784974500492359	71.20000000000047
0.04793126357982485	71.40000000000047
0.04801278215472611	71.60000000000048
0.04809431938143762	71.80000000000048
0.04817585660814913	72.00000000000048
0.04825720695112943	72.20000000000049
0.04833855729410973	72.40000000000049
0.04841992496796122	72.60000000000049
0.048501292641812715	72.8000000000005
0.04858247200865537	73.0000000000005
0.048663651375498024	73.2000000000005
0.04874484676213909	73.4000000000005
0.048826042148780155	73.6000000000005
0.04890704781624509	73.80000000000051
0.04898805348371002	74.00000000000051
0.04906907387035784	74.20000000000051
0.04915009425700566	74.40000000000052
0.04923092352397777	74.60000000000052
0.049311752790949875	74.80000000000052
0.049392595487509836	75.00000000000053
0.049473438184069796	75.20000000000053
0.04955408837265426	75.40000000000053
0.04963473856123872	75.60000000000053
0.04971540090137316	75.80000000000054
0.04979606324150759	76.00000000000054
0.04987653169807334	76.20000000000054
0.04995700015463908	76.40000000000055
0.05003747949678643	76.60000000000055
0.050117958838933774	76.80000000000055
0.05019824293510827	77.00000000000055
0.05027852703128277	77.20000000000056
0.05035882075962756	77.40000000000056
0.05043911448797235	77.60000000000056
0.05051921162158892	77.80000000000057
0.05059930875520549	78.00000000000057
0.0506794142806024	78.20000000000057
0.05075951980599931	78.40000000000057
0.05083942740199863	78.60000000000058
0.050919334997997945	78.80000000000058
0.05099924975885059	79.00000000000058
0.051079164519703235	79.20000000000059
0.05115888003099067	79.40000000000059
0.05123859554227811	79.60000000000059
0.051318317005374973	79.8000000000006
0.05139803846847184	80.0000000000006
0.05147755937673207	80.2000000000006
0.0515570802849923	80.4000000000006
0.0516366059463003	80.6000000000006
0.051716131607608296	80.80000000000061
0.05179545542407921	81.00000000000061
0.05187477924055013	81.20000000000061
0.05195410662596763	81.40000000000062
0.05203343401138513	81.60000000000062
0.05211255827759147	81.80000000000062
0.0521916825437978	82.00000000000063
0.05227080920986862	82.20000000000063
0.05234993587593943	82.40000000000063
0.0524288581643881	82.60000000000063
0.05250778045283677	82.80000000000064
0.052586703987426375	83.00000000000064
0.05266562752201598	83.20000000000064
0.05274434543685344	83.40000000000065
0.0528230633516909	83.60000000000065
0.05290178137462601	83.80000000000065
0.05298049939756112	84.00000000000065
0.05305901057519511	84.20000000000066
0.0531375217528291	84.40000000000066
0.053216031916501	84.60000000000066
0.053294542080172896	84.80000000000067
0.05337284418985911	85.00000000000067
0.053451146299545324	85.20000000000067
0.05352944628947913	85.40000000000067
0.053607746279412935	85.60000000000068
0.05368583702380682	85.80000000000068
0.0537639277682007	86.00000000000068
0.05384201530359125	86.20000000000068
0.0539201028389818	86.40000000000069
0.053997979954658486	86.60000000000069
0.05407585707033517	86.8000000000007
0.05415373418601186	87.0000000000007
0.054231523987888615	87.2000000000007
0.05430926400573153	87.4000000000007
0.054387004023574444	87.6000000000007
0.05446474404141736	87.80000000000071
0.05454248405926027	88.00000000000071
0.05462022407710319	88.20000000000071
0.054697147774212584	88.40000000000072
0.05477407147132198	88.60000000000072
0.054851917831888676	88.80000000000072
0.05492976419245537	89.00000000000072
0.055006467156964764	89.20000000000073
0.05508317012147416	89.40000000000073
0.05516079473454447	89.60000000000073
0.05523841934761479	89.80000000000074
0.05531489943924166	90.00000000000074
0.05539137953086853	90.20000000000074
0.055468780299980175	90.40000000000074
0.05554618106909182	90.60000000000075
0.05562243620973299	90.80000000000075
0.05569869135037416	91.00000000000075
0.055775866215375385	91.20000000000076
0.05585304108037661	91.40000000000076
0.055929069228404175	91.60000000000076
0.056005097376431744	91.80000000000076
0.056082044313803384	92.00000000000077
0.056158991251175024	92.20000000000077
0.056234790401741834	92.40000000000077
0.056310589552308644	92.60000000000078
0.0563873065754565	92.80000000000078
0.056464023598604356	93.00000000000078
0.056539591783924266	93.20000000000078
0.056615159969244176	93.40000000000079
0.056691645128766205	93.60000000000079
0.056768130288288234	93.8000000000008
0.05684346557789094	94.0000000000008
0.056918800867493645	94.2000000000008
0.05699505225142157	94.4000000000008
0.05707130363534949	94.6000000000008
0.05714640413630993	94.80000000000081
0.057221504637270375	95.00000000000081
0.05729752037128746	95.20000000000081
0.05737353610530454	95.40000000000082
0.05744839996244855	95.60000000000082
0.05752326381959256	95.80000000000082
0.05759904206722737	96.00000000000082
0.05767482031486219	96.20000000000083
0.057749445710948366	96.40000000000083
0.057824071107034546	96.60000000000083
0.05789961006983135	96.80000000000084
0.05797514903262816	97.00000000000084
0.0580495341885077	97.20000000000084
0.058123919344387244	97.40000000000084
0.05819921726205387	97.60000000000085
0.058274515179720494	97.80000000000085
0.05834865835447388	98.00000000000085
0.05842280152922726	98.20000000000086
0.05849785667976159	98.40000000000086
0.058572911830295914	98.60000000000086
0.05864681132134863	98.80000000000086
0.05872071081240134	99.00000000000087
0.05879552151219547	99.20000000000087
0.0588703322119896	99.40000000000087
0.0589439863552065	99.60000000000088
0.0590176404984234	99.80000000000088
0.059092205102348624	100.00000000000088
0.059166769706273846	100.20000000000088
0.059240176876032766	100.40000000000089
0.059313584045791685	100.60000000000089
0.05938790094726148	100.80000000000089
0.05946221784873127	101.0000000000009
0.05953537645797756	101.2000000000009
0.05960853506722385	101.4000000000009
0.05968260269823821	101.6000000000009
0.059756670329252574	101.8000000000009
0.0598295788295337	102.00000000000091
0.059902487329814826	102.20000000000091
0.05997630416098567	102.40000000000092
0.060050120992156515	102.60000000000092
0.06012277787363745	102.80000000000092
0.060195434755118384	103.00000000000092
0.06026899929567573	103.20000000000093
0.06034256383623308	103.40000000000093
0.060414967627694376	103.60000000000093
0.060487371419155674	103.80000000000094
0.06056068221693707	104.00000000000094
0.06063399301471847	104.20000000000094
0.06070614228353475	104.40000000000094
0.06077829155235103	104.60000000000095
0.06085134719377143	104.80000000000095
0.06092440283519183	105.00000000000095
0.060996296187296156	105.20000000000095
0.061068189539400485	105.40000000000096
0.061140988649406085	105.60000000000096
0.061213787759411685	105.80000000000096
0.06128542383923968	106.00000000000097
0.06135705991906768	106.20000000000097
0.06142960116107406	106.40000000000097
0.06150214240308043	106.60000000000097
0.061573519893499754	106.80000000000098
0.061644897383919074	107.00000000000098
0.06171717945973244	107.20000000000098
0.0617894615355458	107.40000000000099
0.061860579157769734	107.60000000000099
0.06193169677999367	107.80000000000099
0.062003718429715575	108.000000000001
0.06207574007943748	108.200000000001
0.06214659659292288	108.400000000001
0.062217453106408284	108.600000000001
0.06228921310832708	108.800000000001
0.062360973110245875	109.00000000000101
0.062431567312577	109.20000000000101
0.06250216151490812	109.40000000000101
0.06257365868537373	109.60000000000102
0.06264515585583935	109.80000000000102
0.06271548658259551	110.00000000000102
0.06278581730935168	110.20000000000103
0.06285705050263772	110.40000000000103
0.06292828369592376	110.60000000000103
0.06299834982053443	110.80000000000103
0.06306841594514509	111.00000000000104
0.06313938405329741	111.20000000000104
0.06321035216144974	111.40000000000104
0.06328015259503508	111.60000000000105
0.06334995302862043	111.80000000000105
0.06342065498129007	112.00000000000105
0.06349135693395971	112.20000000000105
0.06356089062515892	112.40000000000106
0.06363042431635813	112.60000000000106
0.06370085908062306	112.80000000000106
0.063771293844888	113.00000000000107
0.06384055977967419	113.20000000000107
0.06390982571446038	113.40000000000107
0.06397999229463482	113.60000000000107
0.06405015887480925	113.80000000000108
0.06411915607629214	114.00000000000108
0.06418815327777502	114.20000000000108
0.06425805071520573	114.40000000000109
0.06432794815263643	114.60000000000109
0.06439667568085278	114.80000000000109
0.06446540320906913	115.0000000000011
0.06453503058192059	115.2000000000011
0.06460465795477205	115.4000000000011
0.06467311490646532	115.6000000000011
0.0647415718581586	115.8000000000011
0.06481092828118563	116.00000000000111
0.06488028470421267	116.20000000000111
0.06494847021260054	116.40000000000111
0.06501665572098841	116.60000000000112
0.0650857403453004	116.80000000000112
0.06515482496961239	117.00000000000112
0.06522273820414441	117.20000000000113
0.06529065143867643	117.40000000000113
0.06535946345148767	117.60000000000113
0.06542827546429891	117.80000000000113
0.06549591563040316	118.00000000000114
0.06556355579650741	118.20000000000114
0.06563209442087924	118.40000000000114
0.06570063304525106	118.60000000000115
0.0657679993840712	118.80000000000115
0.06583536572289134	119.00000000000115
0.06590363021746376	119.20000000000115
0.06597189471203618	119.40000000000116
0.06603898650015746	119.60000000000116
0.06610607828827875	119.80000000000116
0.0661740679469937	120.00000000000117
0.06624205760570864	120.20000000000117
0.0663088741548765	120.40000000000117
0.06637569070404437	120.60000000000117
0.06644340485585729	120.80000000000118
0.0665111190076702	121.00000000000118
0.06657765966449761	121.20000000000118
0.06664420032132501	121.40000000000119
0.06671163832991095	121.60000000000119
0.06677907633849689	121.80000000000119
0.06684534048416484	122.0000000000012
0.06691160462983278	122.2000000000012
0.06697622995289292	122.4000000000012
0.06704085527595305	122.6000000000012
0.06710937962232595	122.8000000000012
0.06717790396869885	123.00000000000121
0.06724225230868308	123.20000000000121
0.06730660064866731	123.40000000000121
0.06737484753957118	123.60000000000122
0.06744309443047505	123.80000000000122
0.06750716502023692	124.00000000000122
0.06757123560999878	124.20000000000122
0.0676392045308219	124.40000000000123
0.06770717345164501	124.60000000000123
0.06777096579278558	124.80000000000123
0.06783475813392614	125.00000000000124
0.06790244860339786	125.20000000000124
0.06797013907286958	125.40000000000124
0.06803365270019009	125.60000000000124
0.06809716632751059	125.80000000000125
0.06816457789737684	126.00000000000125
0.0682319894672431	126.20000000000125
0.06829522394840615	126.40000000000126
0.0683584584295692	126.60000000000126
0.06842559068425304	126.80000000000126
0.06849272293893688	127.00000000000126
0.06855567787412302	127.20000000000127
0.06861863280930916	127.40000000000127
0.06868548536556368	127.60000000000127
0.0687523379218182	127.80000000000128
0.06881501294337565	128.00000000000128
0.0688776879649331	128.20000000000127
0.0689442604714884	128.40000000000126
0.0690108329780437	128.60000000000124
0.0690732277501328	128.80000000000123
0.06913562252222191	129.00000000000122
0.06920191465942613	129.2000000000012
0.06926820679663034	129.4000000000012
0.06933032101486254	129.6000000000012
0.06939243523309474	129.80000000000118
0.06945844671254976	130.00000000000117
0.06952445819200478	130.20000000000115
0.06958629158307401	130.40000000000114
0.06964812497414324	130.60000000000113
0.0697138555383364	130.80000000000112
0.06977958610252954	131.0000000000011
0.0698411384238399	131.2000000000011
0.06990269074515026	131.40000000000109
0.06996814016707921	131.60000000000107
0.07003358958900816	131.80000000000106
0.07009486062829742	132.00000000000105
0.07015613166758669	132.20000000000104
0.07022129975037723	132.40000000000103
0.07028646783316778	132.60000000000102
0.07034745740812609	132.800000000001
0.0704084469830844	133.000000000001
0.07047333355960941	133.20000000000098
0.07053822013613442	133.40000000000097
0.0705989280940132	133.60000000000096
0.07065963605189199	133.80000000000095
0.07072424098438004	134.00000000000094
0.0707888459168681	134.20000000000093
0.07084927213409296	134.40000000000092
0.07090969835131783	134.6000000000009
0.07097402153096063	134.8000000000009
0.07103834471060344	135.00000000000088
0.07109848909237408	135.20000000000087
0.07115863347414472	135.40000000000086
0.071222674820698	135.60000000000085
0.07128671616725127	135.80000000000084
0.071346578647144	136.00000000000082
0.07140644112703673	136.2000000000008
0.07147020058841769	136.4000000000008
0.07153396004979864	136.6000000000008
0.07159354058935906	136.80000000000078
0.07165312112891947	137.00000000000077
0.07171659868080013	137.20000000000076
0.07178007623268079	137.40000000000074
0.07183937482101577	137.60000000000073
0.07189867340935074	137.80000000000072
0.07196186905474597	138.0000000000007
0.0720250647001412	138.2000000000007
0.07208408135350365	138.4000000000007
0.07214309800686611	138.60000000000068
0.07220601177571905	138.80000000000067
0.07226687231292826	139.00000000000065
0.07232766160519004	139.20000000000064
0.07238845089745181	139.40000000000063
0.07244924018971359	139.60000000000062
0.07251002948197537	139.8000000000006
0.07257081877423714	140.0000000000006
0.07263160806649892	140.20000000000059
0.0726923973587607	140.40000000000057
0.0727512124378617	140.60000000000056
0.07281002751696271	140.80000000000055
0.07287159298225611	141.00000000000054
0.07293315844754951	141.20000000000053
0.07299169194197926	141.40000000000052
0.073050225436409	141.6000000000005
0.07311150940303475	141.8000000000005
0.0731727933696605	142.00000000000048
0.07323104533143851	142.20000000000047
0.07328929729321652	142.40000000000046
0.07335029991289262	142.60000000000045
0.07341130253256871	142.80000000000044
0.07346927312609161	143.00000000000043
0.07352724371961451	143.20000000000041
0.07358796516849155	143.4000000000004
0.07364868661736858	143.6000000000004
0.07370637603124952	143.80000000000038
0.07376406544513046	144.00000000000037
0.07382450592334283	144.20000000000036
0.0738849464015552	144.40000000000035
0.07394235484816568	144.60000000000034
0.07399976329477616	144.80000000000032
0.07405992302598048	145.0000000000003
0.0741200827571848	145.2000000000003
0.07417721047218512	145.4000000000003
0.07423433818718543	145.60000000000028
0.07429421741808678	145.80000000000027
0.07435409664898814	146.00000000000026
0.07441094389085044	146.20000000000024
0.07446779113271275	146.40000000000023
0.07452739013257965	146.60000000000022
0.07458698913244656	146.8000000000002
0.07464355618196324	147.0000000000002
0.07470012323147991	147.2000000000002
0.0747594422916478	147.40000000000018
0.07481876135181569	147.60000000000016
0.07487504851159164	147.80000000000015
0.0749313356713676	148.00000000000014
0.07499037510472431	148.20000000000013
0.07504941453808102	148.40000000000012
0.07510542213201207	148.6000000000001
0.07516142972594313	148.8000000000001
0.07522018986639407	149.00000000000009
0.07527895000684502	149.20000000000007
0.0753346783795724	149.40000000000006
0.07539040675229979	149.60000000000005
0.07544787909802406	149.80000000000004
0.07550535144374833	150.00000000000003
0.0755618177414522	150.20000000000002
0.07561828403915606	150.4
0.07567547796587692	150.6
0.07573267189259779	150.79999999999998
0.07578885991420073	150.99999999999997
0.07584504793580367	151.19999999999996
0.07590196385347284	151.39999999999995
0.075958879771142	151.59999999999994
0.07601478992919637	151.79999999999993
0.07607070008725074	151.99999999999991
0.07612733841777163	152.1999999999999
0.07618397674829251	152.3999999999999
0.07623960947466231	152.59999999999988
0.0762952422010321	152.79999999999987
0.07635160338533223	152.99999999999986
0.07640796456963235	153.19999999999985
0.07646332031491272	153.39999999999984
0.0765186760601931	153.59999999999982
0.07657476055763016	153.7999999999998
0.07663084505506722	153.9999999999998
0.07668592428796656	154.1999999999998
0.0767410035208659	154.39999999999978
0.07679681180858505	154.59999999999977
0.07685262009630421	154.79999999999976
0.07690742330297255	154.99999999999974
0.0769622265096409	155.19999999999973
0.07701775908186734	155.39999999999972
0.07707329165409378	155.5999999999997
0.07712781933738161	155.7999999999997
0.07718234702066944	155.9999999999997
0.0772376043879211	156.19999999999968
0.07729286175517276	156.39999999999966
0.07734711443378868	156.59999999999965
0.0774013671124046	156.79999999999964
0.07745634980059246	156.99999999999963
0.07751133248878032	157.19999999999962
0.0775653106963209	157.3999999999996
0.07761928890386148	157.5999999999996
0.07767399745323385	157.79999999999959
0.07772870600260622	157.99999999999957
0.07778241028640154	158.19999999999956
0.07783611457019686	158.39999999999955
0.07789054953406852	158.59999999999954
0.07794498449794017	158.79999999999953
0.0779984154176428	158.99999999999952
0.07805184633734542	159.1999999999995
0.07810600828051521	159.3999999999995
0.078160170223685	159.59999999999948
0.07821332834948193	159.79999999999947
0.07826648647527885	159.99999999999946
0.07832037597199329	160.19999999999945
0.07837426546870772	160.39999999999944
0.07842715137897985	160.59999999999943
0.07848003728925197	160.79999999999941
0.07853365492048006	160.9999999999994
0.07858727255170815	161.1999999999994
0.07863988682982852	161.39999999999938
0.07869250110794888	161.59999999999937
0.07874584745758499	161.79999999999936
0.0787991938072211	161.99999999999935
0.07885153703699632	162.19999999999933
0.07890388026677154	162.39999999999932
0.07895695591608916	162.5999999999993
0.07901003156540677	162.7999999999993
0.0790617964360493	162.9999999999993
0.07911356130669182	163.19999999999928
0.07916668418168475	163.39999999999927
0.07921980705667768	163.59999999999926
0.0792713024101975	163.79999999999924
0.07932279776371733	163.99999999999923
0.07937565149611137	164.19999999999922
0.0794285052285054	164.3999999999992
0.0794797316752547	164.5999999999992
0.07953095812200399	164.7999999999992
0.07958354331415762	164.99999999999918
0.07963612850631126	165.19999999999916
0.07968606214023953	165.39999999999915
0.0797359957741678	165.59999999999914
0.07978933801714165	165.79999999999913
0.0798426802601155	165.99999999999912
0.07989234618401336	166.1999999999991
0.07994201210791123	166.3999999999991
0.07999508691073505	166.59999999999908
0.08004816171355887	166.79999999999907
0.08009756025644998	166.99999999999906
0.0801469587993411	167.19999999999905
0.08019976640222906	167.39999999999904
0.08025257400511702	167.59999999999903
0.08030162920902396	167.79999999999902
0.0803506844129309	167.999999999999
0.08040331118956627	168.199999999999
0.08045593796620164	168.39999999999898
0.08050472642575547	168.59999999999897
0.0805535148853093	168.79999999999896
0.08060587370555408	168.99999999999895
0.08065823252579886	169.19999999999894
0.08070674285656351	169.39999999999893
0.08075525318732817	169.59999999999891
0.08081706983959247	169.7999999999989
0.08086728711502478	169.9999999999989
0.08091750439045708	170.19999999999888
0.08096772166588939	170.39999999999887
0.0810179389413217	170.59999999999886
0.081068156216754	170.79999999999885
0.08111837349218631	170.99999999999883
0.08116859076761862	171.19999999999882
0.08121880804305093	171.3999999999988
0.08126902531848323	171.5999999999988
0.08131628623698625	171.7999999999988
0.08136354715548927	171.99999999999878
0.0814153434999512	172.19999999999877
0.08146713984441314	172.39999999999876
0.08151414002486665	172.59999999999874
0.08156114020532015	172.79999999999873
0.081612676165953	172.99999999999872
0.08166421212658584	173.1999999999987
0.0817109522099221	173.3999999999987
0.08175769229325835	173.5999999999987
0.08180896871293517	173.79999999999868
0.08186024513261198	173.99999999999866
0.08190672596755973	174.19999999999865
0.08195320680250748	174.39999999999864
0.08200422453439755	174.59999999999863
0.08205524226628763	174.79999999999862
0.08210146471173096	174.9999999999986
0.0821476871571743	175.1999999999986
0.08219844706443473	175.39999999999858
0.08224920697169516	175.59999999999857
0.08229517189634206	175.79999999999856
0.08234113682098895	175.99999999999855
0.08239163977643399	176.19999999999854
0.08244214273187903	176.39999999999853
0.08248785101392841	176.59999999999852
0.0825335592959778	176.7999999999985
0.08258380618174935	176.9999999999985
0.08263405306752089	177.19999999999848
0.0826795055943353	177.39999999999847
0.08272495812114972	177.59999999999846
0.08277494982838604	177.79999999999845
0.08282494153562237	177.99999999999844
0.08287013920339657	178.19999999999843
0.08291533687117078	178.3999999999984
0.08296507429967988	178.5999999999984
0.08301481172818898	178.7999999999984
0.0830597554416217	178.99999999999838
0.08310469915505442	179.19999999999837
0.08315418321298339	179.39999999999836
0.08320366727091236	179.59999999999835
0.08324835794287726	179.79999999999833
0.08329304861484216	179.99999999999832
0.08334228021834744	180.1999999999983
0.08339151182185273	180.3999999999983
0.08343595037306728	180.5999999999983
0.08348038892428183	180.79999999999828
0.08352936899719852	180.99999999999827
0.08357834907011522	181.19999999999825
0.08362253642880917	181.39999999999824
0.08366672378750312	181.59999999999823
0.0837154532610113	181.79999999999822
0.0837641827345195	181.9999999999982
0.08380811983609955	182.1999999999982
0.08385205693767961	182.3999999999982
0.08390053674996925	182.59999999999818
0.0839490165622589	182.79999999999816
0.08399270434897127	182.99999999999815
0.08403639213568365	183.19999999999814
0.08408462323161149	183.39999999999813
0.08413285432753934	183.59999999999812
0.08417629374812707	183.7999999999981
0.08421973316871481	183.9999999999981
0.08426771649946176	184.19999999999808
0.0843156998302087	184.39999999999807
0.08435889183956007	184.59999999999806
0.08440208384891143	184.79999999999805
0.08444982037162874	184.99999999999804
0.08449755689434604	185.19999999999803
0.0845405024531388	185.39999999999802
0.08458344801193154	185.599999999998
0.08463093868937795	185.799999999998
0.08467842936682435	185.99999999999798
0.08472112944115866	186.19999999999797
0.08476382951549297	186.39999999999796
0.08481107531566176	186.59999999999795
0.08485832111583055	186.79999999999794
0.08490077667684869	186.99999999999793
0.08494553800334646	187.1999999999979
0.08499023647869833	187.3999999999979
0.08503493495405019	187.5999999999979
0.08507963342940206	187.79999999999788
0.08512433190475392	187.99999999999787
0.08516903038010579	188.19999999999786
0.08521372885545765	188.39999999999785
0.08525842733080952	188.59999999999783
0.08530312580616138	188.79999999999782
0.08534782428151325	188.9999999999978
0.08539252275686511	189.1999999999978
0.08542936428759054	189.3999999999978
0.08546620581831597	189.59999999999778
0.08551737839019045	189.79999999999777
0.08556855096206493	189.99999999999775
0.08560515365555656	190.19999999999774
0.08564175634904818	190.39999999999773
0.08569268928486656	190.59999999999772
0.08574362222068495	190.7999999999977
0.08577998550179002	190.9999999999977
0.08581634878289508	191.1999999999977
0.08586704308502788	191.39999999999768
0.08591773738716067	191.59999999999766
0.08595386226088543	191.79999999999765
0.08598998713461019	191.99999999999764
0.0860404438082457	192.19999999999763
0.08609090048188121	192.39999999999762
0.08612678795630442	192.5999999999976
0.08616267543072763	192.7999999999976
0.08621289548390122	192.99999999999758
0.08626311553707482	193.19999999999757
0.08629876662288534	193.39999999999756
0.08633441770869586	193.59999999999755
0.08638440215180367	193.79999999999754
0.08643438659491147	193.99999999999753
0.08646980230489865	194.19999999999752
0.08650521801488582	194.3999999999975
0.08655496786014892	194.5999999999975
0.08660471770541202	194.79999999999748
0.08663989905389048	194.99999999999747
0.08667508040236895	195.19999999999746
0.08672459666322056	195.39999999999745
0.08677411292407218	195.59999999999744
0.0868090609262269	195.79999999999742
0.08684400892838161	195.9999999999974
0.08689329261876387	196.1999999999974
0.08694257630914613	196.3999999999974
0.0869772919802667	196.59999999999738
0.08701200765138727	196.79999999999737
0.08706105978491632	196.99999999999736
0.08711011191844538	197.19999999999735
0.08714459627301648	197.39999999999733
0.08717908062758757	197.59999999999732
0.08722790221655201	197.7999999999973
0.08727672380551645	197.9999999999973
0.0873109778561041	198.1999999999973
0.08734523190669176	198.39999999999728
0.08739382396082074	198.59999999999727
0.08744241601494972	198.79999999999725
0.0874764407708189	198.99999999999724
0.08751046552668808	199.19999999999723
0.08755882905158485	199.39999999999722
0.08760719257648163	199.5999999999972
0.08764098904182473	199.7999999999972
0.08767478550716783	199.9999999999972
0.08772292150229724	200.19999999999717
0.08777105749742665	200.39999999999716
0.08780462666903832	200.59999999999715
0.08783819584064999	200.79999999999714
0.08788610529664849	200.99999999999713
0.08793401475264699	201.19999999999712
0.08796735761678949	201.3999999999971
0.08800070048093199	201.5999999999971
0.08804838437592766	201.79999999999708
0.08809606827092333	201.99999999999707
0.08812918579896328	202.19999999999706
0.08816230332700324	202.39999999999705
0.08820778933417982	202.59999999999704
0.0882532753413564	202.79999999999703
0.08828815542961903	202.99999999999702
0.08832303551788166	203.199999999997
0.0883682978415612	203.399999999997
0.08841356016524073	203.59999999999698
0.08844821732516289	203.79999999999697
0.08848287448508506	203.99999999999696
0.08852791456536016	204.19999999999695
0.08857295464563526	204.39999999999694
0.08860738984679574	204.59999999999692
0.08864182504795622	204.7999999999969
0.08868664383818962	204.9999999999969
0.08873146262842303	205.1999999999969
0.08876567680620712	205.39999999999688
0.0887998909839912	205.59999999999687
0.08884448939430206	205.79999999999686
0.08888908780461292	205.99999999999685
0.08892308183870208	206.19999999999683
0.08895707587279124	206.39999999999682
0.08900145474043683	206.5999999999968
0.08904583360808242	206.7999999999968
0.08907960828075798	206.9999999999968
0.08911338295343353	207.19999999999678
0.0891575429824179	207.39999999999677
0.08920170301140228	207.59999999999675
0.08923525891679991	207.79999999999674
0.08926881482219755	207.99999999999673
0.08931189550155687	208.19999999999672
0.08935497618091619	208.3999999999967
0.08938918881022462	208.5999999999967
0.08942340143953305	208.7999999999967
0.08946626497178402	208.99999999999667
0.08950912850403499	209.19999999999666
0.08954312384644598	209.39999999999665
0.08957711918885698	209.59999999999664
0.08961976489193686	209.79999999999663
0.08966241059501674	209.99999999999662
0.08969580424386779	210.1999999999966
0.08972919789271884	210.3999999999966
0.08977201770601635	210.59999999999658
0.08981483751931386	210.79999999999657
0.08984772838455166	210.99999999999656
0.0898978526371119	211.19999999999655
0.08993572302696627	211.39999999999654
0.08997359341682064	211.59999999999653
0.090011463806675	211.79999999999652
0.09004933419652937	211.9999999999965
0.09008720458638374	212.1999999999965
0.0901250749762381	212.39999999999648
0.09016294536609247	212.59999999999647
0.09020081575594684	212.79999999999646
0.0902386861458012	212.99999999999645
0.09027655653565557	213.19999999999644
0.09031442692550994	213.39999999999642
0.0903522973153643	213.5999999999964
0.09038490760032472	213.7999999999964
0.09041751788528514	213.9999999999964
0.09045923826874802	214.19999999999638
0.09049632899023058	214.39999999999637
0.09053336446555314	214.59999999999636
0.0905703999408757	214.79999999999634
0.09060743541619827	214.99999999999633
0.09064447089152083	215.19999999999632
0.0906815063668434	215.3999999999963
0.09071854184216596	215.5999999999963
0.09075557731748853	215.7999999999963
0.09079261279281109	215.99999999999628
0.09082964826813365	216.19999999999627
0.09086668374345622	216.39999999999625
0.09090371921877878	216.59999999999624
0.09094075469410134	216.79999999999623
0.09097375420594656	216.99999999999622
0.09100675371779177	217.1999999999962
0.09104049994426608	217.3999999999962
0.09107424617074039	217.5999999999962
0.09111298841852943	217.79999999999617
0.09115173066631846	217.99999999999616
0.09118527400744227	218.19999999999615
0.09121881734856607	218.39999999999614
0.09125735669006935	218.59999999999613
0.09129589603157262	218.79999999999612
0.09132923694069703	218.9999999999961
0.09136257784982144	219.1999999999961
0.09140091529006492	219.39999999999608
0.0914392527303084	219.59999999999607
0.0914723922046622	219.79999999999606
0.09150553167901601	219.99999999999605
0.0915436682060007	220.19999999999604
0.09158180473298538	220.39999999999603
0.09161474374980301	220.59999999999602
0.09164768276662064	220.799999999996
0.0916856193447675	220.999999999996
0.09172355592291437	221.19999999999598
0.09175629543133011	221.39999999999597
0.09178903493974586	221.59999999999596
0.0918267724996825	221.79999999999595
0.09186451005961915	221.99999999999594
0.09189705096763966	222.19999999999592
0.09192959187566016	222.3999999999959
0.09196713129736078	222.5999999999959
0.0920046707190614	222.7999999999959
0.09203701387136094	222.99999999999588
0.09206935702366048	223.19999999999587
0.09210669910671028	223.39999999999586
0.09214404118976008	223.59999999999584
0.09217618732700515	223.79999999999583
0.09220833346425023	223.99999999999582
0.09224547887086772	224.1999999999958
0.09227726520737112	224.3999999999958
0.09230905154387452	224.5999999999958
0.09234083788037792	224.79999999999578
0.09238071091968783	224.99999999999577
0.09242058395899774	225.19999999999575
0.09244943062562656	225.39999999999574
0.09247827729225538	225.59999999999573
0.09251795632410936	225.79999999999572
0.09255763535596334	225.9999999999957
0.09258628725908133	226.1999999999957
0.09261493916219932	226.39999999999569
0.09265442323466314	226.59999999999567
0.09269390730712695	226.79999999999566
0.09272103866755195	226.99999999999565
0.09274817002797694	227.19999999999564
0.09278879822222101	227.39999999999563
0.09282942641646508	227.59999999999562
0.09285635886605306	227.7999999999956
0.09288329131564105	227.9999999999956
0.09292308294652869	228.19999999999558
0.09296287457741634	228.39999999999557
0.09300266620830398	228.59999999999556
0.09303712069734188	228.79999999999555
0.09307059478772793	228.99999999999554
0.09310406887811398	229.19999999999553
0.09313754296850003	229.39999999999552
0.09317101705888609	229.5999999999955
0.09320449114927214	229.7999999999955
0.09323796523965819	229.99999999999548
0.09327143933004424	230.19999999999547
0.09330491342043029	230.39999999999546
0.09333838751081634	230.59999999999545
0.0933718616012024	230.79999999999544
0.09340533569158845	230.99999999999542
0.0934388097819745	231.1999999999954
0.09347228387236055	231.3999999999954
0.09349462171355977	231.5999999999954
0.09351695955475899	231.79999999999538
0.09356022154010721	231.99999999999537
0.09360348352545543	232.19999999999536
0.09362563896580417	232.39999999999534
0.09364779440615291	232.59999999999533
0.09369087131853437	232.79999999999532
0.09373394823091584	232.9999999999953
0.09375591854229424	233.1999999999953
0.09377788885367265	233.3999999999953
0.09382078104122253	233.59999999999528
0.09386367322877241	233.79999999999526
0.09388545846257768	233.99999999999525
0.09390724369638294	234.19999999999524
0.0939466152726286	234.39999999999523
0.09398598684887426	234.59999999999522
0.09401094030787054	234.7999999999952
0.09403589376686682	234.9999999999952
0.09407507964248453	235.19999999999519
0.09411426551810224	235.39999999999517
0.09413903113638439	235.59999999999516
0.09416379675466653	235.79999999999515
0.0942011745561658	235.99999999999514
0.09423219576770979	236.19999999999513
0.094262855867621	236.39999999999512
0.09430992190247506	236.5999999999951
0.09434160669477323	236.7999999999951
0.09437329148707141	236.99999999999508
0.09440497627936958	237.19999999999507
0.09443666107166776	237.39999999999506
0.09446834586396594	237.59999999999505
0.09450003065626411	237.79999999999504
0.09453171544856229	237.99999999999503
0.09456340024086046	238.19999999999501
0.09459508503315864	238.399999999995
0.09462676982545681	238.599999999995
0.09465845461775499	238.79999999999498
0.09469013941005316	238.99999999999497
0.09472182420235134	239.19999999999496
0.09473836112342451	239.39999999999495
0.09476943034059117	239.59999999999494
0.09480049955775782	239.79999999999492
0.09482961861616278	239.9999999999949
0.09486053777040343	240.1999999999949
0.09490532241173417	240.3999999999949
0.09493616879328869	240.59999999999488
0.0949670151748432	240.79999999999487
0.09499786155639771	240.99999999999486
0.09502870793795222	241.19999999999484
0.09505955431950673	241.39999999999483
0.09509040070106124	241.59999999999482
0.09511487422602942	241.7999999999948
0.09513920955518654	241.9999999999948
0.09516354488434366	242.1999999999948
0.09521238760378553	242.39999999999478
0.09523478929318403	242.59999999999476
0.09526517068689665	242.79999999999475
0.09529150271667718	242.99999999999474
0.09532597804036624	243.19999999999473
0.095356212135967	243.39999999999472
0.09538644623156775	243.5999999999947
0.09541669920089448	243.7999999999947
0.09544400548035525	243.99999999999469
0.09547131175981603	244.19999999999467
0.09549861803927681	244.39999999999466
0.09552592431873759	244.59999999999465
0.09557497042447488	244.79999999999464
0.09559673305652251	244.99999999999463
0.09561849568857014	245.19999999999462
0.09565239582176562	245.3999999999946
0.09568712595429166	245.5999999999946
0.09571009509383403	245.79999999999458
0.09573306423337641	245.99999999999457
0.0957693380902871	246.19999999999456
0.0958056119471978	246.39999999999455
0.09583036229336245	246.59999999999454
0.09585511263952709	246.79999999999453
0.09590159556244408	246.99999999999451
0.09592302761861182	247.1999999999945
0.09594445967477956	247.3999999999945
0.09597776700718702	247.59999999999448
0.09601934024875006	247.79999999999447
0.09604052263070377	247.99999999999446
0.09606170501265748	248.19999999999445
0.09609894301395558	248.39999999999444
0.09612824947132492	248.59999999999442
0.09615755592869427	248.7999999999944
0.09618686238606361	248.9999999999944
0.09621616884343295	249.1999999999944
0.0962454753008023	249.39999999999438
0.09627478175817164	249.59999999999437
0.09630408821554098	249.79999999999436
0.09633339467291033	249.99999999999434
0.09636270113027967	250.19999999999433
0.698786403583383	250.19999999999433
0.6988279575154426	249.99999999999434
0.6988695114475022	249.79999999999436
0.6989110653795618	249.59999999999437
0.6989526193116214	249.39999999999438
0.6989941732436811	249.1999999999944
0.6990357271757407	248.9999999999944
0.6990772811078003	248.7999999999944
0.6991188350398599	248.59999999999442
0.6991603889719196	248.39999999999444
0.6991879179546864	248.19999999999445
0.6992442749604131	247.99999999999446
0.6993006319661398	247.79999999999447
0.699321074465389	247.59999999999448
0.6993911029738602	247.3999999999945
0.6994458763606191	247.1999999999945
0.6995006497473779	246.99999999999451
0.6995106824847684	246.79999999999453
0.6995600156773255	246.59999999999454
0.6996093488698826	246.39999999999455
0.6996382256548547	246.19999999999456
0.6996671024398268	245.99999999999457
0.6997202248313109	245.79999999999458
0.699773347222795	245.5999999999946
0.69983912130953	245.3999999999946
0.6998689032910153	245.19999999999462
0.6999212375487954	244.99999999999463
0.6999735718065756	244.79999999999464
0.6999873138401574	244.59999999999465
0.7000418014669793	244.39999999999466
0.7000962890938011	244.19999999999467
0.7001507767206229	243.99999999999469
0.7002052643474447	243.7999999999947
0.7001386282992764	243.5999999999947
0.7001911857620574	243.39999999999472
0.7002437432248384	243.19999999999473
0.700265780967171	242.99999999999474
0.7003035865522635	242.79999999999475
0.7003762221300727	242.59999999999476
0.7004293444002586	242.39999999999478
0.700428971771736	242.1999999999948
0.7004842399653534	241.9999999999948
0.7005395081589707	241.7999999999948
0.7006207152929338	241.59999999999482
0.7006638622739362	241.39999999999483
0.7007070092549386	241.19999999999484
0.700750156235941	240.99999999999486
0.7007933032169433	240.79999999999487
0.7008364501979457	240.59999999999488
0.7008795971789481	240.3999999999949
0.7008978837523072	240.1999999999949
0.7009412191752742	239.9999999999949
0.7010235430712519	239.79999999999492
0.701068948461605	239.59999999999494
0.701114353851958	239.39999999999495
0.7011729096480469	239.19999999999496
0.7012195206425184	238.99999999999497
0.7012661316369898	238.79999999999498
0.7013127426314613	238.599999999995
0.7013593536259327	238.399999999995
0.7014059646204042	238.19999999999501
0.7014525756148756	237.99999999999503
0.7014991866093471	237.79999999999504
0.7015457976038185	237.59999999999505
0.70159240859829	237.39999999999506
0.7016390195927614	237.19999999999507
0.7016856305872329	236.99999999999508
0.7017322415817043	236.7999999999951
0.7017788525761758	236.5999999999951
0.7017981877310768	236.39999999999512
0.7018469548414968	236.19999999999513
0.7019301576917545	235.99999999999514
0.701981836561133	235.79999999999515
0.7020288586505743	235.59999999999516
0.7020758807400156	235.39999999999517
0.7021250164848544	235.19999999999519
0.7021741522296931	234.9999999999952
0.7022215124464248	234.7999999999952
0.7022688726631565	234.59999999999522
0.7023183544693291	234.39999999999523
0.7023678362755017	234.19999999999524
0.702421509343748	233.99999999999525
0.7024751824119944	233.79999999999526
0.7025190804906424	233.59999999999528
0.7025629785692904	233.3999999999953
0.7026170044670744	233.1999999999953
0.7026710303648585	232.9999999999953
0.7027152839538794	232.79999999999532
0.7027595375429003	232.59999999999533
0.7028139211268003	232.39999999999534
0.7028683047107003	232.19999999999536
0.7029129181611451	231.99999999999537
0.7029575316115899	231.79999999999538
0.7030122760512384	231.5999999999954
0.7030670204908869	231.3999999999954
0.7031180560712365	231.1999999999954
0.703169091651586	230.99999999999542
0.7032201272319356	230.79999999999544
0.7032711628122852	230.59999999999545
0.7033221983926348	230.39999999999546
0.7033732339729843	230.19999999999547
0.7034242695533339	229.99999999999548
0.7034753051336835	229.7999999999955
0.7035263407140331	229.5999999999955
0.7035773762943827	229.39999999999552
0.7036284118747322	229.19999999999553
0.7036794474550818	228.99999999999554
0.7037304830354314	228.79999999999555
0.7038143606734775	228.59999999999556
0.7038546933677923	228.39999999999557
0.7038950260621071	228.19999999999558
0.7039353587564219	227.9999999999956
0.7039999701258461	227.7999999999956
0.7040645814952704	227.59999999999562
0.7041041408181022	227.39999999999563
0.7041437001409341	227.19999999999564
0.7042086765241242	226.99999999999565
0.7042736529073144	226.79999999999566
0.7043159778701332	226.59999999999567
0.7043583028329521	226.39999999999569
0.704421294320985	226.1999999999957
0.7044842858090179	225.9999999999957
0.7045269920190451	225.79999999999572
0.7045696982290723	225.59999999999573
0.7046330739161305	225.39999999999574
0.7046964496031887	225.19999999999575
0.704739541975338	224.99999999999577
0.7047826343474872	224.79999999999578
0.7048413058710403	224.5999999999958
0.7048999773945934	224.3999999999958
0.7049586489181465	224.1999999999958
0.7049946031113359	223.99999999999582
0.7050663192680608	223.79999999999583
0.7051380354247858	223.59999999999584
0.7051743839728037	223.39999999999586
0.7052107325208217	223.19999999999587
0.7052828446426174	222.99999999999588
0.7053549567644131	222.7999999999959
0.7053917038740796	222.5999999999959
0.7054284509837461	222.3999999999959
0.7055009631508566	222.19999999999592
0.7055734753179672	221.99999999999594
0.7056106249889572	221.79999999999595
0.7056477746599472	221.59999999999596
0.7057206908052593	221.39999999999597
0.7057936069505715	221.19999999999598
0.7058311630770622	220.999999999996
0.7058687192035529	220.799999999996
0.705942043185066	220.59999999999602
0.7060153671665792	220.39999999999603
0.7060533335903589	220.19999999999604
0.7060913000141387	219.99999999999605
0.7061650356545952	219.79999999999606
0.7062387712950517	219.59999999999607
0.7062771518357177	219.39999999999608
0.7063155323763837	219.1999999999961
0.7063896834865737	218.9999999999961
0.7064638345967638	218.79999999999612
0.7065026330700503	218.59999999999613
0.7065414315433369	218.39999999999614
0.7066160019366758	218.19999999999615
0.7066905723300148	217.99999999999616
0.7067297925584549	217.79999999999617
0.7067690127868951	217.5999999999962
0.7068440031395337	217.3999999999962
0.7069189934921722	217.1999999999962
0.7069693312066567	216.99999999999622
0.7070196689211412	216.79999999999623
0.7070784604979901	216.59999999999624
0.7071372520748389	216.39999999999625
0.7071960436516878	216.19999999999627
0.7072548352285366	215.99999999999628
0.7073136268053855	215.7999999999963
0.7073724183822343	215.5999999999963
0.7074312099590832	215.3999999999963
0.707490001535932	215.19999999999632
0.7075487931127808	214.99999999999633
0.7076075846896297	214.79999999999634
0.7076663762664785	214.59999999999636
0.7077251678433274	214.39999999999637
0.7078163841394487	214.19999999999638
0.7078808823565599	213.9999999999964
0.7079349400820331	213.7999999999964
0.7079889978075062	213.5999999999964
0.708049798815403	213.39999999999642
0.7081105998232997	213.19999999999644
0.7081714008311965	212.99999999999645
0.7082322018390932	212.79999999999646
0.7082930028469899	212.59999999999647
0.7083538038548867	212.39999999999648
0.7084146048627834	212.1999999999965
0.7084754058706801	211.9999999999965
0.7085362068785769	211.79999999999652
0.7085970078864736	211.59999999999653
0.7086578088943704	211.39999999999654
0.7087186099022671	211.19999999999655
0.7087575010941034	210.99999999999656
0.7088162546229492	210.79999999999657
0.7088801941290095	210.59999999999658
0.7089441336350698	210.3999999999966
0.7090028224648647	210.1999999999966
0.7090615112946596	209.99999999999662
0.7091266111109942	209.79999999999663
0.7091917109273288	209.59999999999664
0.7092501622171614	209.39999999999665
0.709308613506994	209.19999999999666
0.7093741715648834	208.99999999999667
0.7094397296227727	208.7999999999967
0.7094986436192905	208.5999999999967
0.7095575576158083	208.3999999999967
0.7096235814517745	208.19999999999672
0.7096896052877407	207.99999999999673
0.7097505699111804	207.79999999999674
0.70981153453462	207.59999999999675
0.7098764699870964	207.39999999999677
0.7099414054395728	207.19999999999678
0.7100028423799719	206.9999999999968
0.710064279320371	206.7999999999968
0.7101296896107016	206.5999999999968
0.7101950999010321	206.39999999999682
0.7102570142831954	206.19999999999683
0.7103189286653587	205.99999999999685
0.7103848187383538	205.79999999999686
0.7104507088113489	205.59999999999687
0.7105131054616417	205.39999999999688
0.7105755021119345	205.1999999999969
0.7106418767127838	204.9999999999969
0.710708251313633	204.7999999999969
0.7107711349236401	204.59999999999692
0.7108340185336471	204.39999999999694
0.7109008823169312	204.19999999999695
0.7109677461002152	203.99999999999696
0.7110311213019813	203.79999999999697
0.7110944965037475	203.59999999999698
0.7111618540869517	203.399999999997
0.7112292116701558	203.199999999997
0.7112930830752515	202.99999999999702
0.7113569544803472	202.79999999999703
0.7114248104803333	202.59999999999704
0.7114926664803195	202.39999999999705
0.7115606517332344	202.19999999999706
0.7116286369861492	201.99999999999707
0.7116934067667925	201.79999999999708
0.7117581765474358	201.5999999999971
0.7118266665058988	201.3999999999971
0.7118951564643617	201.19999999999712
0.7119604333452096	200.99999999999713
0.7120257102260575	200.79999999999714
0.7120947096208319	200.59999999999715
0.7121637090156062	200.39999999999716
0.7122294977339967	200.19999999999717
0.7122952864523872	199.9999999999972
0.7123648000288321	199.7999999999972
0.712434313605277	199.5999999999972
0.7125006189174644	199.39999999999722
0.7125669242296518	199.19999999999723
0.7126369567556862	198.99999999999724
0.7127069892817205	198.79999999999725
0.71277381596962	198.59999999999727
0.7128406426575195	198.39999999999728
0.7129111989293756	198.1999999999973
0.7129817552012317	197.9999999999973
0.7130491080773763	197.7999999999973
0.7131164609535209	197.59999999999732
0.71318754580004	197.39999999999733
0.713258630646559	197.19999999999735
0.7133265145578404	196.99999999999736
0.7133943984691217	196.79999999999737
0.7134660167550504	196.59999999999738
0.7135376350409791	196.3999999999974
0.7136060548715742	196.1999999999974
0.7136744747021694	195.9999999999974
0.713746631330758	195.79999999999742
0.7138187879593466	195.59999999999744
0.7138877486330505	195.39999999999745
0.7139567093067544	195.19999999999746
0.7140294092218668	194.99999999999747
0.7141021091369791	194.79999999999748
0.714171615619113	194.5999999999975
0.7142411221012469	194.3999999999975
0.7143143702891067	194.19999999999752
0.7143876184769665	193.99999999999753
0.7144576757759876	193.79999999999754
0.7145277330750087	193.59999999999755
0.7146015345656795	193.39999999999756
0.7146753360563504	193.19999999999757
0.7147459492252258	192.99999999999758
0.7148165623941013	192.7999999999976
0.7148909222627676	192.5999999999976
0.714965282131434	192.39999999999762
0.7150364562688459	192.19999999999763
0.7151076304062579	191.99999999999764
0.715182553774365	191.79999999999765
0.7152574771424721	191.59999999999766
0.7153292173938844	191.39999999999768
0.7154009576452968	191.1999999999977
0.7154764496815653	190.9999999999977
0.7155519417178339	190.7999999999977
0.7156242532764694	190.59999999999772
0.7156965648351049	190.39999999999773
0.7157726307564616	190.19999999999774
0.7158486966778183	189.99999999999775
0.7159215847856086	189.79999999999777
0.715994472893399	189.59999999999778
0.7160711176977121	189.3999999999978
0.7161477625020253	189.1999999999978
0.7162242332215449	188.9999999999978
0.7163007039410646	188.79999999999782
0.7163771746605843	188.59999999999783
0.7164536453801039	188.39999999999785
0.7165301160996236	188.19999999999786
0.7166065868191432	187.99999999999787
0.7166830575386629	187.79999999999788
0.7167595282581826	187.5999999999979
0.7168359989777022	187.3999999999979
0.7169124696972219	187.1999999999979
0.7170186076771109	186.99999999999793
0.7170889805284859	186.79999999999794
0.7171724739085054	186.59999999999795
0.7172559672885248	186.39999999999796
0.7173269401609894	186.19999999999797
0.717397913033454	185.99999999999798
0.7174820088822994	185.799999999998
0.7175661047311448	185.599999999998
0.7176376831551666	185.39999999999802
0.7177092615791885	185.19999999999803
0.717793965450681	184.99999999999804
0.7178786693221735	184.79999999999805
0.7179508588806178	184.59999999999806
0.7180230484390622	184.39999999999807
0.7181083659397803	184.19999999999808
0.7181936834404985	183.9999999999981
0.7182664897693963	183.7999999999981
0.7183392960982942	183.59999999999812
0.718425232888335	183.39999999999813
0.7185111696783759	183.19999999999814
0.718584598467676	182.99999999999815
0.718658027256976	182.79999999999816
0.7187445890506922	182.59999999999818
0.7188311508444083	182.3999999999982
0.7189052078386998	182.1999999999982
0.7189792648329913	181.9999999999982
0.7190664573997138	181.79999999999822
0.7191536499664362	181.59999999999823
0.7192283409656688	181.39999999999824
0.7193030319649014	181.19999999999825
0.7193908611296407	180.99999999999827
0.7194786902943799	180.79999999999828
0.7195540211545621	180.5999999999983
0.7196293520147443	180.3999999999983
0.7197178236588951	180.1999999999983
0.719806295303046	179.99999999999832
0.7198822719369374	179.79999999999833
0.7199582485708289	179.59999999999835
0.7200473686328507	179.39999999999836
0.7201364886948725	179.19999999999837
0.7202131170726721	178.99999999999838
0.7202897454504718	178.7999999999984
0.7203795199265748	178.5999999999984
0.7204692944026778	178.3999999999984
0.7205465805527009	178.19999999999843
0.720623866702724	177.99999999999844
0.7207143016475456	177.79999999999845
0.7208047365923671	177.59999999999846
0.7208826866017262	177.39999999999847
0.7209606366110852	177.19999999999848
0.721051738138365	176.9999999999985
0.7211428396656447	176.7999999999985
0.7212214596809208	176.59999999999852
0.7213000796961968	176.39999999999853
0.7213918539794539	176.19999999999854
0.7214836282627111	175.99999999999855
0.7215629244906266	175.79999999999856
0.7216422207185422	175.59999999999857
0.7217346739917477	175.39999999999858
0.7218271272649532	175.1999999999986
0.7219071059730514	174.9999999999986
0.7219870846811496	174.79999999999862
0.7220802232394007	174.59999999999863
0.7221733617976518	174.39999999999864
0.7222540293149686	174.19999999999865
0.7223346968322855	173.99999999999866
0.7224285270324806	173.79999999999868
0.7225223572326758	173.5999999999987
0.7226037199504213	173.3999999999987
0.7226850826681668	173.1999999999987
0.7227796109296875	172.99999999999872
0.7228741391912081	172.79999999999873
0.7229562035634446	172.59999999999874
0.723038267935681	172.39999999999876
0.7231335007411382	172.19999999999877
0.7232287335465954	171.99999999999878
0.7233115055533066	171.7999999999988
0.7233942775600177	171.5999999999988
0.7234851653310176	171.3999999999988
0.7235760531020174	171.19999999999882
0.7236669408730173	170.99999999999883
0.7237578286440172	170.79999999999885
0.723848716415017	170.59999999999886
0.7239396041860169	170.39999999999887
0.7240304919570167	170.19999999999888
0.7241213797280166	169.9999999999989
0.7242122674990165	169.7999999999989
0.7242896127314703	169.59999999999891
0.7243763795300819	169.39999999999893
0.7244631463286936	169.19999999999894
0.7245594738736577	168.99999999999895
0.7246558014186218	168.79999999999896
0.7247432768201943	168.59999999999897
0.7248307522217668	168.39999999999898
0.724927811145061	168.199999999999
0.7250248700683551	167.999999999999
0.7251130837593239	167.79999999999902
0.7252012974502927	167.59999999999903
0.7252992600855205	167.39999999999904
0.7253972227207482	167.19999999999905
0.7254860389436757	166.99999999999906
0.7255748551666031	166.79999999999907
0.7256735673087001	166.59999999999908
0.7257722794507971	166.3999999999991
0.7258618495278208	166.1999999999991
0.7259514196048446	165.99999999999912
0.7260508892195949	165.79999999999913
0.7261503588343453	165.59999999999914
0.7262406906840041	165.39999999999915
0.7263310225336629	165.19999999999916
0.7264331918385533	164.99999999999918
0.7265353611434436	164.7999999999992
0.7266245290520724	164.5999999999992
0.7267136969607012	164.3999999999992
0.7268166386253816	164.19999999999922
0.726919580290062	163.99999999999923
0.7270095246732537	163.79999999999924
0.7270994690564455	163.59999999999926
0.7272031905008898	163.39999999999927
0.727306911945334	163.19999999999928
0.727397640308667	162.9999999999993
0.7274883686720001	162.7999999999993
0.7275934772457407	162.5999999999993
0.7276985858194814	162.39999999999932
0.7277895224322298	162.19999999999933
0.7278804590449782	161.99999999999935
0.727986361714981	161.79999999999936
0.7280922643849838	161.59999999999937
0.7281839993360611	161.39999999999938
0.7282757342871385	161.1999999999994
0.7283824386466783	160.9999999999994
0.728489143006218	160.79999999999941
0.7285816839115742	160.59999999999943
0.7286742248169303	160.39999999999944
0.7287817384994116	160.19999999999945
0.7288892521818929	159.99999999999946
0.7289826067034022	159.79999999999947
0.7290759612249115	159.59999999999948
0.7291842919143509	159.3999999999995
0.7292926226037902	159.1999999999995
0.7293867984578889	158.99999999999952
0.7294809743119876	158.79999999999953
0.7295901297502199	158.59999999999954
0.7296992851884522	158.39999999999955
0.7297942901522417	158.19999999999956
0.7298892951160313	157.99999999999957
0.7299992831079226	157.79999999999959
0.7301092710998139	157.5999999999996
0.730205113015559	157.3999999999996
0.7303009549313041	157.19999999999962
0.7304117833486783	156.99999999999963
0.7305226117660525	156.79999999999964
0.7306192985446509	156.59999999999965
0.7307159853232493	156.39999999999966
0.7308276621079759	156.19999999999968
0.7309393388927025	155.9999999999997
0.7310368785164578	155.7999999999997
0.7311344181402132	155.5999999999997
0.7312469513067211	155.39999999999972
0.7313594844732291	155.19999999999973
0.7314578849981488	154.99999999999974
0.7315562855230685	154.79999999999976
0.7316696831604645	154.59999999999977
0.7317830807978606	154.39999999999978
0.7318823503556234	154.1999999999998
0.7319816199133863	153.9999999999998
0.7320958901872915	153.7999999999998
0.7322101604611967	153.59999999999982
0.7323103072608849	153.39999999999984
0.732410454060573	153.19999999999985
0.7325256052147577	152.99999999999986
0.7326407563689424	152.79999999999987
0.7327417886985977	152.59999999999988
0.732842821028253	152.3999999999999
0.7329588613861358	152.1999999999999
0.7330749017440185	151.99999999999991
0.733176827972078	151.79999999999993
0.7332787542001374	151.59999999999994
0.7333956921661677	151.39999999999995
0.733512630132198	151.19999999999996
0.7336154587088446	150.99999999999997
0.7337182872854912	150.79999999999998
0.7338361313464565	150.6
0.7339539754074219	150.4
0.7340577148658279	150.20000000000002
0.734161454324234	150.00000000000003
0.7342802128081474	149.80000000000004
0.7343989712920608	149.60000000000005
0.7345055844301969	149.40000000000006
0.734612197568333	149.20000000000007
0.7347299409874017	149.00000000000009
0.7348476844064705	148.8000000000001
0.7349552253878596	148.6000000000001
0.7350627663692487	148.40000000000012
0.7351814416298023	148.20000000000013
0.7353001168903558	148.00000000000014
0.7354085945162582	147.80000000000015
0.7355170721421606	147.60000000000016
0.7356366880849816	147.40000000000018
0.7357563040278027	147.2000000000002
0.73586572718613	147.0000000000002
0.7359751503444573	146.8000000000002
0.7360957158975915	146.60000000000022
0.7362162814507257	146.40000000000023
0.7363266591173367	146.20000000000024
0.7364370367839478	146.00000000000026
0.7365585609639834	145.80000000000027
0.7366800851440191	145.60000000000028
0.736791426383982	145.4000000000003
0.7369027676239449	145.2000000000003
0.7370252595372728	145.0000000000003
0.7371477514506007	144.80000000000032
0.7372600654194518	144.60000000000034
0.7373723793883028	144.40000000000035
0.7374958482323597	144.20000000000036
0.7376193170764166	144.00000000000037
0.7377326130214008	143.80000000000038
0.737845908966385	143.6000000000004
0.7379703640308954	143.4000000000004
0.7380948190954059	143.20000000000041
0.7382091063567151	143.00000000000043
0.7383233936180243	142.80000000000044
0.7384488442862401	142.60000000000045
0.7385742949544559	142.40000000000046
0.7386895829664711	142.20000000000047
0.7388048709784863	142.00000000000048
0.7389313267284239	141.8000000000005
0.7390577824783614	141.6000000000005
0.7391740807708956	141.40000000000052
0.7392903790634299	141.20000000000053
0.7394178494691565	141.00000000000054
0.739545319874883	140.80000000000055
0.7396626377208477	140.60000000000056
0.7397799555668124	140.40000000000057
0.7399045463421482	140.20000000000059
0.740029137117484	140.0000000000006
0.7401537278928197	139.8000000000006
0.7402783186681555	139.60000000000062
0.7404029094434913	139.40000000000063
0.7405275002188271	139.20000000000064
0.7406520909941628	139.00000000000065
0.7408004053815491	138.80000000000067
0.7409156448717902	138.60000000000068
0.7410509387335714	138.4000000000007
0.7411862325953527	138.2000000000007
0.7413025236834472	138.0000000000007
0.7414188147715417	137.80000000000072
0.7415551644636337	137.60000000000073
0.7416915141557257	137.40000000000074
0.7418088668917638	137.20000000000076
0.741926219627802	137.00000000000077
0.742063635244185	136.80000000000078
0.7422010508605679	136.6000000000008
0.7423194753981526	136.4000000000008
0.7424378999357373	136.2000000000008
0.7425763916744892	136.00000000000082
0.7427148834132411	135.80000000000084
0.742834390010838	135.60000000000085
0.7429538966084348	135.40000000000086
0.743093474773091	135.20000000000087
0.7432330529377471	135.00000000000088
0.7433536519600651	134.8000000000009
0.7434742509823831	134.6000000000009
0.743614925983328	134.40000000000092
0.743755600984273	134.20000000000093
0.7438773029036646	134.00000000000094
0.7439990048230563	133.80000000000095
0.744140787178936	133.60000000000096
0.7442825695348156	133.40000000000097
0.744405384932707	133.20000000000098
0.7445282003305984	133.000000000001
0.74467110066976	132.800000000001
0.7448140010089217	132.60000000000102
0.7449379405772685	132.40000000000103
0.7450618801456153	132.20000000000104
0.7452059092075802	132.00000000000105
0.7453499382695452	131.80000000000106
0.745475012812317	131.60000000000107
0.7456000873550888	131.40000000000109
0.745745255992044	131.2000000000011
0.7458904246289992	131.0000000000011
0.7460166450637036	130.80000000000112
0.7461428654984079	130.60000000000113
0.7462891846767449	130.40000000000114
0.7464355038550818	130.20000000000115
0.7465628812143008	130.00000000000117
0.7466902585735198	129.80000000000118
0.746837739375396	129.6000000000012
0.7469852201772722	129.4000000000012
0.7471137656102548	129.2000000000012
0.7472423110432374	129.00000000000122
0.7473909646681751	128.80000000000123
0.7475396182931129	128.60000000000124
0.747669343067391	128.40000000000126
0.747799067841669	128.20000000000127
0.7479489056081879	128.00000000000128
0.7480987433747068	127.80000000000128
0.7482296588777508	127.60000000000127
0.7483605743807948	127.40000000000127
0.7485116077280886	127.20000000000127
0.7486626410753823	127.00000000000126
0.7487947588162952	126.80000000000126
0.7489268765572081	126.60000000000126
0.7490791170468549	126.40000000000126
0.7492313575365017	126.20000000000125
0.7493646891477551	126.00000000000125
0.7494980207590085	125.80000000000125
0.7496514800767254	125.60000000000124
0.7498049393944424	125.40000000000124
0.749939496633651	125.20000000000124
0.7500740538728596	125.00000000000124
0.7502287438303008	124.80000000000123
0.750383433787742	124.60000000000123
0.7505192285394886	124.40000000000123
0.7506550232912352	124.20000000000122
0.7508109558278303	124.00000000000122
0.7509668883644254	123.80000000000122
0.7511039326421268	123.60000000000122
0.7512409769198283	123.40000000000121
0.7513981641046736	123.20000000000121
0.751555351289519	123.00000000000121
0.7516936572371838	122.8000000000012
0.7518319631848487	122.6000000000012
0.7519904164002793	122.4000000000012
0.7521488696157099	122.2000000000012
0.7522934965350931	122.0000000000012
0.7524381234544764	121.80000000000119
0.7525928149498818	121.60000000000119
0.7527475064452873	121.40000000000119
0.7528934192081584	121.20000000000118
0.7530393319710296	121.00000000000118
0.7531953150923298	120.80000000000118
0.7533512982136301	120.60000000000117
0.7534985093689083	120.40000000000117
0.7536457205241864	120.20000000000117
0.753803007884643	120.00000000000117
0.7539602952450997	119.80000000000116
0.7541088174804976	119.60000000000116
0.7542573397158956	119.40000000000116
0.7544159440685916	119.20000000000115
0.7545745484212876	119.00000000000115
0.7547243945655029	118.80000000000115
0.7548742407097182	118.60000000000115
0.7550341749497764	118.40000000000114
0.7551941091898347	118.20000000000114
0.7553452922148038	118.00000000000114
0.755496475239773	117.80000000000113
0.7556577524066415	117.60000000000113
0.7558190295735099	117.40000000000113
0.7559715625967219	117.20000000000113
0.756124095619934	117.00000000000112
0.75628672889973	116.80000000000112
0.7564493621795261	116.60000000000112
0.7566032584664067	116.40000000000111
0.7567571547532874	116.20000000000111
0.7569211574812132	116.00000000000111
0.7570851602091391	115.8000000000011
0.7572404331754999	115.6000000000011
0.7573957061418608	115.4000000000011
0.7575610918046858	115.2000000000011
0.7577264774675108	115.0000000000011
0.7578831406820714	114.80000000000109
0.7580398038966321	114.60000000000109
0.758206586135252	114.40000000000109
0.758373368373872	114.20000000000108
0.7585314355608554	114.00000000000108
0.7586895027478389	113.80000000000108
0.7588576953599081	113.60000000000107
0.7590258879719773	113.40000000000107
0.7591853730137837	113.20000000000107
0.7593448580555902	113.00000000000107
0.7595144749982333	112.80000000000106
0.7596840919408765	112.60000000000106
0.7598450088808383	112.40000000000106
0.7600059258208001	112.20000000000105
0.7601769812134088	112.00000000000105
0.7603480366060176	111.80000000000105
0.7605103996512382	111.60000000000105
0.7606727626964589	111.40000000000104
0.7608452708235706	111.20000000000104
0.7610177789506822	111.00000000000104
0.7611816024749654	110.80000000000103
0.7613454259992485	110.60000000000103
0.7615194013135191	110.40000000000103
0.7616933766277898	110.20000000000103
0.7618586751746561	110.00000000000102
0.7620239737215224	109.80000000000102
0.762199430846789	109.60000000000102
0.7623748879720555	109.40000000000101
0.7625416762578586	109.20000000000101
0.7627084645436617	109.00000000000101
0.7628854182781082	108.800000000001
0.7630623720125547	108.600000000001
0.7632306649296956	108.400000000001
0.7633989578468365	108.200000000001
0.7635774231662549	108.000000000001
0.7637558884856732	107.80000000000099
0.7639257011059205	107.60000000000099
0.7640955137261678	107.40000000000099
0.7642755057873287	107.20000000000098
0.7644554978484897	107.00000000000098
0.7646268454264054	106.80000000000098
0.7647981930043211	106.60000000000097
0.7649797271484596	106.40000000000097
0.7651612612925982	106.20000000000097
0.7653341592690801	106.00000000000097
0.765507057245562	105.80000000000096
0.7656901490019703	105.60000000000096
0.7658732407583786	105.40000000000096
0.7660477047643195	105.20000000000095
0.7662221687702604	105.00000000000095
0.7664068338600085	104.80000000000095
0.7665914989497566	104.60000000000095
0.7667675448098286	104.40000000000094
0.7669435906699005	104.20000000000094
0.7671298450096813	104.00000000000094
0.7673160993494621	103.80000000000094
0.7674937430860269	103.60000000000093
0.7676713868225917	103.40000000000093
0.7678592465286966	103.20000000000093
0.7680471062348015	103.00000000000092
0.7682263640719604	102.80000000000092
0.7684056219091193	102.60000000000092
0.7685951033015526	102.40000000000092
0.7687845846939858	102.20000000000091
0.7689654730617649	102.00000000000091
0.769146361429544	101.8000000000009
0.7693374810362817	101.6000000000009
0.7695286006430195	101.4000000000009
0.7697111361817063	101.2000000000009
0.769893671720393	101.0000000000009
0.7700864462817915	100.80000000000089
0.7702792208431899	100.60000000000089
0.7704634204078213	100.40000000000089
0.7706476199724528	100.20000000000088
0.7708420664458128	100.00000000000088
0.7710365129191727	99.80000000000088
0.7712223935841862	99.60000000000088
0.7714082742491997	99.40000000000087
0.7716044098134969	99.20000000000087
0.7718005453777941	99.00000000000087
0.7719881244418434	98.80000000000086
0.7721757035058927	98.60000000000086
0.7723735455666785	98.40000000000086
0.7725713876274642	98.20000000000086
0.7727606826184146	98.00000000000085
0.7729499776093649	97.80000000000085
0.773149543803847	97.60000000000085
0.7733491099983292	97.40000000000084
0.7735401386784323	97.20000000000084
0.7737311673585354	97.00000000000084
0.7739324755608475	96.80000000000084
0.7741337837631597	96.60000000000083
0.7743265641344239	96.40000000000083
0.7745193445056882	96.20000000000083
0.7747224128323542	96.00000000000082
0.7749254811590203	95.80000000000082
0.775120031468781	95.60000000000082
0.7753145817785416	95.40000000000082
0.7755194285941458	95.20000000000081
0.77572427540975	95.00000000000081
0.7759206141564498	94.80000000000081
0.7761169529031495	94.6000000000008
0.7763235968262244	94.4000000000008
0.7765302407492993	94.2000000000008
0.7767283866884888	94.0000000000008
0.7769265326276782	93.8000000000008
0.7771349925368142	93.60000000000079
0.7773434524459502	93.40000000000079
0.777543424596521	93.20000000000078
0.7777433967470919	93.00000000000078
0.7779536917872854	92.80000000000078
0.7781639868274788	92.60000000000078
0.7783658044781377	92.40000000000077
0.7785676221287967	92.20000000000077
0.7787797717180442	92.00000000000077
0.7789919213072918	91.80000000000076
0.7791956040232875	91.60000000000076
0.7793992867392832	91.40000000000076
0.7796133105754364	91.20000000000076
0.7798273344115896	91.00000000000075
0.7800329020417057	90.80000000000075
0.7802384696718219	90.60000000000075
0.7804543877397125	90.40000000000074
0.7806703058076032	90.20000000000074
0.7808777784914304	90.00000000000074
0.7810852511752575	89.80000000000074
0.7813030837541088	89.60000000000073
0.7815209163329602	89.40000000000073
0.7817303145084581	89.20000000000073
0.781939712683956	89.00000000000072
0.7821594803551158	88.80000000000072
0.7823792480262757	88.60000000000072
0.7825905921719708	88.40000000000072
0.7828019363176659	88.20000000000071
0.7830206907714371	88.00000000000071
0.7832394452252083	87.80000000000071
0.7834581996789795	87.6000000000007
0.7836769541327506	87.4000000000007
0.7838957085865218	87.2000000000007
0.7841222622421784	87.0000000000007
0.7843386106448461	86.8000000000007
0.7845549590475138	86.60000000000069
0.7847713074501815	86.40000000000069
0.7849969626671218	86.20000000000068
0.7852226178840621	86.00000000000068
0.7854409821119026	85.80000000000068
0.7856593463397431	85.60000000000068
0.7858870277286869	85.40000000000067
0.7861147091176307	85.20000000000067
0.7863351113114041	85.00000000000067
0.7865555135051775	84.80000000000067
0.7867852433736477	84.60000000000066
0.787014973242118	84.40000000000066
0.7872374358957993	84.20000000000066
0.7874598985494806	84.00000000000065
0.787691699563067	83.80000000000065
0.7879235005766533	83.60000000000065
0.7881480465475982	83.40000000000065
0.7883725925185431	83.20000000000064
0.788606487711278	83.00000000000064
0.7888403829040128	82.80000000000064
0.7890670354235629	82.60000000000063
0.789293687943113	82.40000000000063
0.7895297007282974	82.20000000000063
0.7897657135134818	82.00000000000063
0.7899944961980313	81.80000000000062
0.7902232788825808	81.60000000000062
0.7904614330640841	81.40000000000062
0.7906995872455874	81.20000000000061
0.7909305241081352	81.00000000000061
0.7911614609706831	80.80000000000061
0.7914017807547413	80.6000000000006
0.7916421005387996	80.4000000000006
0.7918752160010147	80.2000000000006
0.7921083314632299	80.0000000000006
0.7923508414707686	79.8000000000006
0.7925933514783073	79.60000000000059
0.7928286703831311	79.40000000000059
0.7930639892879549	79.20000000000059
0.7933087145674662	79.00000000000058
0.7935534398469776	78.80000000000058
0.7937909874717984	78.60000000000058
0.7940285350966193	78.40000000000057
0.7942755011376212	78.20000000000057
0.7945224671786232	78.00000000000057
0.7947622692490472	77.80000000000057
0.7950020713194713	77.60000000000056
0.7952513040665853	77.40000000000056
0.7955005368136993	77.20000000000056
0.7957426195179563	77.00000000000055
0.7959847022222134	76.80000000000055
0.7962362280898883	76.60000000000055
0.7964877539575631	76.40000000000055
0.7967321439615793	76.20000000000054
0.7969765339655955	76.00000000000054
0.797230379853521	75.80000000000054
0.7974842257414464	75.60000000000053
0.7977309502046237	75.40000000000053
0.797977674667801	75.20000000000053
0.7982338679770425	75.00000000000053
0.7984900612862841	74.80000000000052
0.7987391478780249	74.60000000000052
0.7989882344697657	74.40000000000052
0.7992468031196691	74.20000000000051
0.7995053717695725	74.00000000000051
0.7997568486865926	73.80000000000051
0.8000083256036127	73.6000000000005
0.8002692980495153	73.4000000000005
0.8005302704954179	73.2000000000005
0.8007841664798944	73.0000000000005
0.8010380624643708	72.8000000000005
0.8013014677161745	72.60000000000049
0.8015648729679782	72.40000000000049
0.8018212173265781	72.20000000000049
0.802077561685178	72.00000000000048
0.8023434293268258	71.80000000000048
0.8026092969684736	71.60000000000048
0.8028681195923205	71.40000000000047
0.8031269422161674	71.20000000000047
0.8033953024260864	71.00000000000047
0.8036636626360053	70.80000000000047
0.8039249940216312	70.60000000000046
0.8041863254072571	70.40000000000046
0.8044572089581339	70.20000000000046
0.8047280925090107	70.00000000000045
0.8049922647508534	69.80000000000045
0.8052564369926961	69.60000000000045
0.8055295706468377	69.40000000000045
0.8058027043009793	69.20000000000044
0.8060694481876081	69.00000000000044
0.8063361920742368	68.80000000000044
0.8066119126693109	68.60000000000043
0.806887633264385	68.40000000000043
0.807156981245104	68.20000000000043
0.8074263292258231	68.00000000000043
0.8077046695449347	67.80000000000042
0.8079830098640463	67.60000000000042
0.8082549950885406	67.40000000000042
0.8085269803130349	67.20000000000041
0.8088079738525746	67.00000000000041
0.8090889673921143	66.80000000000041
0.8093636237373456	66.6000000000004
0.8096382800825769	66.4000000000004
0.8099219610798035	66.2000000000004
0.8102056420770302	66.0000000000004
0.8104830041755569	65.8000000000004
0.8107603662740835	65.60000000000039
0.8110467697361821	65.40000000000039
0.8113331731982806	65.20000000000039
0.8116132762880353	65.00000000000038
0.8118933793777899	64.80000000000038
0.8121804476730966	64.60000000000038
0.8124675159684033	64.40000000000038
0.81275458426371	64.20000000000037
0.8130416525590166	64.00000000000037
0.8133410960016371	63.80000000000037
0.8136274772573284	63.600000000000364
0.8139187183978014	63.40000000000036
0.8142099595382744	63.20000000000036
0.8144991735566213	63.000000000000355
0.8147883875749682	62.80000000000035
0.8150824801517099	62.60000000000035
0.8153765727284517	62.40000000000035
0.8156686579301478	62.200000000000344
0.8159607431318439	62.00000000000034
0.8162577260237289	61.80000000000034
0.816554708915614	61.600000000000335
0.816849704662428	61.40000000000033
0.817144700409242	61.20000000000033
0.8174446134557772	61.00000000000033
0.8177445265023124	60.800000000000324
0.8180424731372281	60.60000000000032
0.8183404197721438	60.40000000000032
0.8186433038147337	60.200000000000315
0.8189461878573236	60.00000000000031
0.8192471267469955	59.80000000000031
0.8195480656366674	59.60000000000031
0.8198539625622753	59.400000000000304
0.8201598594878832	59.2000000000003
0.8204638330675701	59.0000000000003
0.820767806647257	58.800000000000296
0.8210767594346317	58.60000000000029
0.8213857122220063	58.40000000000029
0.8216927640431619	58.20000000000029
0.8219998158643176	58.000000000000284
0.8223118686329708	57.80000000000028
0.822623921401624	57.60000000000028
0.8229340961823396	57.400000000000276
0.8232442709630552	57.20000000000027
0.8235594690251915	57.00000000000027
0.8238746670873278	56.80000000000027
0.8241880107658354	56.600000000000264
0.8245013544443429	56.40000000000026
0.8248197443599624	56.20000000000026
0.8251381342755819	56.000000000000256
0.825454694067047	55.80000000000025
0.825771253858512	55.60000000000025
0.826092883493925	55.40000000000025
0.8264145131293379	55.200000000000244
0.8267343375861941	55.00000000000024
0.8270541620430503	54.80000000000024
0.8273790806330642	54.600000000000236
0.8277039992230781	54.40000000000023
0.8280271382991738	54.20000000000023
0.8283502773752696	54.00000000000023
0.8286785355893337	53.800000000000225
0.8290067938033978	53.60000000000022
0.8293332989222557	53.40000000000022
0.8296598040411136	53.200000000000216
0.8299914540537333	53.00000000000021
0.830323104066353	52.80000000000021
0.8306530281938657	52.60000000000021
0.8309829523213783	52.400000000000205
0.8313180478867302	52.2000000000002
0.8316531434520822	52.0000000000002
0.8319865581969746	51.800000000000196
0.8323199729418671	51.60000000000019
0.8326585754782206	51.40000000000019
0.8329971780145742	51.20000000000019
0.8333341220883428	51.000000000000185
0.8336710661621114	50.80000000000018
0.8340132250256931	50.60000000000018
0.8343553838892748	50.400000000000176
0.8346959156068363	50.20000000000017
0.8350364473243979	50.00000000000017
0.8353822229692579	49.80000000000017
0.835727998614118	49.600000000000165
0.8360721778849411	49.40000000000016
0.8364163571557643	49.20000000000016
0.8367658104596645	49.000000000000156
0.8371152637635646	48.80000000000015
0.8374631524863598	48.60000000000015
0.8378110412091551	48.40000000000015
0.8381642350921246	48.200000000000145
0.8385174289750941	48.00000000000014
0.838869091146542	47.80000000000014
0.8392207533179898	47.600000000000136
0.8395777528545122	47.400000000000134
0.8399347523910345	47.20000000000013
0.840290254221917	47.00000000000013
0.8406457560527996	46.800000000000125
0.8410066285919886	46.60000000000012
0.8413675011311776	46.40000000000012
0.8417269111708586	46.20000000000012
0.8420863212105396	46.000000000000114
0.8424511365050406	45.80000000000011
0.8428159517995415	45.60000000000011
0.8431793410695743	45.400000000000105
0.843542730339607	45.2000000000001
0.8439115606840469	45.0000000000001
0.8442803910284868	44.8000000000001
0.8446478331160321	44.600000000000094
0.8450152752035773	44.40000000000009
0.8453881959875027	44.20000000000009
0.8457611167714281	44.000000000000085
0.8461326884993169	43.80000000000008
0.8465042602272057	43.60000000000008
0.8468813492402412	43.40000000000008
0.8472584382532766	43.200000000000074
0.8476342189506397	43.00000000000007
0.8480099996480028	42.80000000000007
0.8483913377369273	42.600000000000065
0.8487726758258518	42.40000000000006
0.8491527479414783	42.20000000000006
0.8495328200571048	42.00000000000006
0.8499184912835032	41.800000000000054
0.8503041625099015	41.60000000000005
0.8506886118082236	41.40000000000005
0.8510730611065458	41.200000000000045
0.8514631529522555	41.00000000000004
0.8518532447979652	40.80000000000004
0.8522420777822174	40.60000000000004
0.8526309107664696	40.400000000000034
0.8530255992393665	40.20000000000003
0.8534202877122634	40.00000000000003
0.8538136802177214	39.800000000000026
0.8542070727231794	39.60000000000002
0.8546063676112783	39.40000000000002
0.8550056624993772	39.20000000000002
0.8554037113169155	39.000000000000014
0.8558017601344539	38.80000000000001
0.8562057609776131	38.60000000000001
0.8566097618207724	38.400000000000006
0.8570125686692083	38.2
0.8574153755176441	38.0
0.8578241865931701	37.8
0.858232997668696	37.599999999999994
0.8586406686805234	37.39999999999999
0.8590483396923507	37.19999999999999
0.8594620686857111	36.999999999999986
0.8598757976790714	36.79999999999998
0.8602884435655784	36.59999999999998
0.8607010894520855	36.39999999999998
0.8611198497211221	36.199999999999974
0.8615386099901587	35.99999999999997
0.8619563468132488	35.79999999999997
0.8623740836363389	35.599999999999966
0.8627979936409046	35.39999999999996
0.8632219036454702	35.19999999999996
0.8636448531533573	34.99999999999996
0.8640678026612443	34.799999999999955
0.8644969874716052	34.59999999999995
0.8649261722819661	34.39999999999995
0.8653544622798325	34.199999999999946
0.8657827522776989	33.99999999999994
0.8662173428332836	33.79999999999994
0.8666519333888683	33.59999999999994
0.8670856981166637	33.399999999999935
0.8675194628444591	33.19999999999993
0.8679595967628458	32.99999999999993
0.8683997306812326	32.799999999999926
0.8688403642345643	32.59999999999992
0.8692809977878961	32.39999999999992
0.8697216313412279	32.19999999999992
0.8701684579936615	31.99999999999992
0.8706152846460951	31.79999999999992
0.8710621112985286	31.59999999999992
0.8715124143795763	31.39999999999992
0.8719627174606239	31.19999999999992
0.8724130205416716	30.999999999999922
0.8728684422766142	30.799999999999923
0.8733238640115568	30.599999999999923
0.8737819478075052	30.399999999999924
0.8742400316034535	30.199999999999925
0.8746981153994019	29.999999999999925
0.8751561991953503	29.799999999999926
0.8756214283814304	29.599999999999927
0.8760866575675106	29.399999999999928
0.8765518867535907	29.19999999999993
0.877020278569202	28.99999999999993
0.8774886703848132	28.79999999999993
0.877960350479947	28.59999999999993
0.8784320305750809	28.39999999999993
0.8789069709415456	28.199999999999932
0.8793819113080102	27.999999999999932
0.8798602406933206	27.799999999999933
0.8803385700786309	27.599999999999934
0.8808202638632929	27.399999999999935
0.8813019576479549	27.199999999999935
0.8817871473637875	26.999999999999936
0.88227233707962	26.799999999999937
0.8827610019027601	26.599999999999937
0.8832496667259001	26.399999999999938
0.8837419418250297	26.19999999999994
0.8842342169241594	25.99999999999994
0.8847300853606495	25.79999999999994
0.8852259537971395	25.59999999999994
0.8857255547511722	25.39999999999994
0.8862251557052049	25.199999999999942
0.8867284513247091	24.999999999999943
0.8872317469442134	24.799999999999944
0.8877389601757786	24.599999999999945
0.8882461734073438	24.399999999999945
0.8887572546211425	24.199999999999946
0.8892683358349412	23.999999999999947
0.8897838511352115	23.799999999999947
0.8902993664354818	23.599999999999948
0.8908148817357521	23.39999999999995
0.8913372711243666	23.19999999999995
0.891859660512981	22.99999999999995
0.8923820499015955	22.79999999999995
0.8929102162987251	22.59999999999995
0.8934383826958547	22.399999999999952
0.8939692502843655	22.199999999999953
0.8945001178728762	21.999999999999954
0.895037094109593	21.799999999999955
0.8955740703463098	21.599999999999955
0.8961110465830265	21.399999999999956
0.896654999511628	21.199999999999957
0.8971989524402294	20.999999999999957
0.8977429053688308	20.799999999999958
0.8982937218813398	20.59999999999996
0.8988445383938488	20.39999999999996
0.8993953549063578	20.19999999999996
0.899953433137648	19.99999999999996
0.9005115113689381	19.79999999999996
0.901072046659832	19.599999999999962
0.9016350672537722	19.399999999999963
0.9022006020410678	19.199999999999964
0.9027686805805606	18.999999999999964
0.9033393331222235	18.799999999999965
0.903912590630738	18.599999999999966
0.9044884848100967	18.399999999999967
0.9050670481292775	18.199999999999967
0.9056483138490414	17.999999999999968
0.9062323160498987	17.79999999999997
0.9068190896612951	17.59999999999997
0.9074086704920578	17.39999999999997
0.908001095262145	17.19999999999997
0.9085964016357262	16.99999999999997
0.9091946282556267	16.799999999999972
0.9097958147467956	16.599999999999973
0.9104000019570634	16.399999999999974
0.9110066076673539	16.199999999999974
0.9116169453041699	15.999999999999975
0.9122304131928803	15.799999999999976
0.9128470567448383	15.599999999999977
0.9134669227273721	15.399999999999977
0.9140898088189201	15.199999999999978
0.9147162791509811	14.999999999999979
0.9153461209840801	14.79999999999998
0.9159793867607101	14.59999999999998
0.9166161304979673	14.39999999999998
0.9172563236483275	14.199999999999982
0.9179002022745445	13.999999999999982
0.9185477318390436	13.799999999999983
0.9191989496958036	13.599999999999984
0.919853973857514	13.399999999999984
0.9205128381103803	13.199999999999985
0.9211756138497573	12.999999999999986
0.9218429328281667	12.799999999999986
0.9225137490172534	12.599999999999987
0.9231886935064647	12.399999999999988
0.9238678441162667	12.199999999999989
0.9245512815084915	11.99999999999999
0.9252390893379508	11.79999999999999
0.9259313544153742	11.59999999999999
0.9266281668818331	11.399999999999991
0.9273296203962653	11.199999999999992
0.9280358123364604	10.999999999999993
0.9287468439877123	10.799999999999994
0.9294628209455814	10.599999999999994
0.9301836144370329	10.399999999999995
0.9309098195899992	10.199999999999996
0.9316413141367554	9.999999999999996
0.932378222959661	9.799999999999997
0.9331206765897118	9.599999999999998
0.9338688115811253	9.399999999999999
0.934622770918662	9.2
0.9353827044627766	9.0
0.936148769434095	8.8
0.9369211309442653	8.600000000000001
0.9376999625779604	8.400000000000002
0.9384854470304341	8.200000000000003
0.9392777768109436	8.000000000000004
0.9400771549982919	7.800000000000004
0.9408837962074384	7.600000000000004
0.9416978394346579	7.400000000000004
0.9425197034147673	7.200000000000004
0.9433495527614182	7.0000000000000036
0.9441876584020076	6.800000000000003
0.9450343086434864	6.600000000000003
0.94588981087233	6.400000000000003
0.9467544582337943	6.200000000000003
0.9476286738310526	6.000000000000003
0.9485127975026821	5.8000000000000025
0.9494072195658672	5.600000000000002
0.9503123989031705	5.400000000000002
0.9512290251967599	5.200000000000002
0.952156959143396	5.000000000000002
0.9530974100487738	4.800000000000002
0.9540507139281974	4.600000000000001
0.9550175148361814	4.400000000000001
0.9559986135690394	4.200000000000001
0.95699494678965	4.000000000000001
0.9580070429516053	3.800000000000001
0.9590360347856719	3.600000000000001
0.9600830178757789	3.400000000000001
0.9611491945461302	3.2000000000000006
0.962235944545806	3.0000000000000004
0.9633448217687869	2.8000000000000003
0.9644776067459095	2.6
0.9656363370862291	2.4
0.9668233412148894	2.1999999999999997
0.9680416001599655	1.9999999999999998
0.969294184740182	1.7999999999999998
0.970585308673448	1.5999999999999999
0.971919803615178	1.4
0.9733037955360303	1.2
0.9747451120264246	1.0
0.9762541642501712	0.8
0.9778443314902845	0.6000000000000001
0.9795554164411108	0.4
0.9813600384813123	0.2
0.9833642543186988	0.0
