0.05715724791153077	0.0
0.05810226432376758	0.2
0.0592786191883409	0.4
0.06007326708423464	0.6000000000000001
0.06065314625250554	0.8
0.06149939291919151	1.0
0.062338641408064	1.2
0.06317212705409542	1.4
0.06400090536607665	1.5999999999999999
0.06482578617126213	1.7999999999999998
0.06564806700682414	1.9999999999999998
0.06646749727195485	2.1999999999999997
0.06728471108565517	2.4
0.06810046140616227	2.6
0.06891491904595312	2.8000000000000003
0.06972876233475787	3.0000000000000004
0.07054216532454141	3.2000000000000006
0.07135542606244731	3.400000000000001
0.07216866219757516	3.600000000000001
0.07298262930086878	3.800000000000001
0.07379461948882222	4.000000000000001
0.07461005951354988	4.200000000000001
0.07542590708770862	4.400000000000001
0.07624297530047212	4.600000000000001
0.07706233432641815	4.800000000000002
0.0778849213225395	5.000000000000002
0.07870720162008575	5.200000000000002
0.07953036004438546	5.400000000000002
0.08035659354366226	5.600000000000002
0.08118324947894086	5.8000000000000025
0.0820137837784203	6.000000000000003
0.08284545884965575	6.200000000000003
0.08368050887639202	6.400000000000003
0.0845177551097077	6.600000000000003
0.08535759468350936	6.800000000000003
0.08619653014034222	7.0000000000000036
0.0870425628260943	7.200000000000004
0.08789349776298137	7.400000000000004
0.08874452811868971	7.600000000000004
0.08959872310500312	7.800000000000004
0.09046173031055604	8.000000000000004
0.09132366165702885	8.200000000000003
0.0921874316618645	8.400000000000002
0.09305673729131153	8.600000000000001
0.093927693233923	8.8
0.0948046607317503	9.0
0.09568290037671091	9.2
0.09656114002167153	9.399999999999999
0.09745251843107246	9.599999999999998
0.09834389684047339	9.799999999999997
0.09923527524987431	9.999999999999996
0.10013723945131782	10.199999999999996
0.10103920365276133	10.399999999999995
0.10194116785420483	10.599999999999994
0.10286424069168872	10.799999999999994
0.1037792536283897	10.999999999999993
0.10469426656509069	11.199999999999992
0.10563044280230874	11.399999999999991
0.10656661903952679	11.59999999999999
0.10750279527674483	11.79999999999999
0.10843897151396288	11.99999999999999
0.10938209146434955	12.199999999999989
0.11033507922169586	12.399999999999988
0.11128806697904217	12.599999999999987
0.11225237709043955	12.799999999999986
0.11321668720183692	12.999999999999986
0.11418099731323429	13.199999999999985
0.11517952678671713	13.399999999999984
0.11613588663370167	13.599999999999984
0.1171243975029111	13.799999999999983
0.11811290837212055	13.999999999999982
0.11911931014120108	14.199999999999982
0.12012571191028162	14.39999999999998
0.12113211367936216	14.59999999999998
0.1221385154484427	14.79999999999998
0.12318197290304979	14.999999999999979
0.12422543035765687	15.199999999999978
0.12524969806332611	15.399999999999977
0.12629347864002163	15.599999999999977
0.12733725921671715	15.799999999999976
0.12840144636996859	15.999999999999975
0.12946563352322002	16.199999999999974
0.13052982067647145	16.399999999999974
0.1316161865529087	16.599999999999973
0.13270255242934592	16.799999999999972
0.13378891830578316	16.99999999999997
0.1348915476754101	17.19999999999997
0.13599417704503702	17.39999999999997
0.13709680641466396	17.59999999999997
0.138241693053255	17.79999999999997
0.13938657969184606	17.999999999999968
0.140515877757061	18.199999999999967
0.14164517582227595	18.399999999999967
0.14282405746750446	18.599999999999966
0.14400293911273296	18.799999999999965
0.14518182075796146	18.999999999999964
0.14635307138822878	19.199999999999964
0.14754788960821866	19.399999999999963
0.14874270782820853	19.599999999999962
0.1499663869501863	19.79999999999996
0.15119006607216406	19.99999999999996
0.1524390869479211	20.19999999999996
0.15368810782367814	20.39999999999996
0.15493712869943518	20.59999999999996
0.15620662164268087	20.799999999999958
0.15747611458592656	20.999999999999957
0.15877331706767092	21.199999999999957
0.16007051954941529	21.399999999999956
0.1613863544371018	21.599999999999955
0.16270218932478833	21.799999999999955
0.16404788823186264	21.999999999999954
0.16539358713893695	22.199999999999953
0.16676026875159355	22.399999999999952
0.16812695036425016	22.59999999999995
0.16952600849860278	22.79999999999995
0.1709250666329554	22.99999999999995
0.17234786134334124	23.19999999999995
0.17377065605372707	23.39999999999995
0.1752287906473004	23.599999999999948
0.17668692524087373	23.799999999999947
0.17817206045411924	23.999999999999947
0.17965719566736474	24.199999999999946
0.1811812085627628	24.399999999999945
0.18270522145816084	24.599999999999945
0.18426015421164035	24.799999999999944
0.18581508696511986	24.999999999999943
0.18741317967974036	25.199999999999942
0.18901127239436086	25.39999999999994
0.19064506130158054	25.59999999999994
0.19227885020880023	25.79999999999994
0.19396106568532218	25.99999999999994
0.19564328116184412	26.19999999999994
0.19736711495207546	26.399999999999938
0.1990909487423068	26.599999999999937
0.20086980823996417	26.799999999999937
0.20264866773762155	26.999999999999936
0.20447663933941052	27.199999999999935
0.20630461094119948	27.399999999999935
0.20819606289665182	27.599999999999934
0.21008751485210417	27.799999999999933
0.21203779642893944	27.999999999999932
0.2139880780057747	28.199999999999932
0.21601296828817018	28.39999999999993
0.21803785857056565	28.59999999999993
0.22013456405718826	28.79999999999993
0.22223126954381087	28.99999999999993
0.2244177314677644	29.19999999999993
0.22660419339171792	29.399999999999928
0.2288804927995494	29.599999999999927
0.23115679220738086	29.799999999999926
0.23354437171161177	29.999999999999925
0.23593195121584268	30.199999999999925
0.23843564318990568	30.399999999999924
0.24093933516396868	30.599999999999923
0.2435866831555867	30.799999999999923
0.24623403114720474	30.999999999999922
0.2490384430146031	31.19999999999992
0.2518428548820014	31.39999999999992
0.2548436408184575	31.59999999999992
0.2578444267549136	31.79999999999992
0.26107252036267475	31.99999999999992
0.2643006139704359	32.19999999999992
0.26782168657766303	32.39999999999992
0.27134275918489015	32.59999999999992
0.2752310528064487	32.799999999999926
0.2791193464280073	32.99999999999993
0.2835158311308623	33.19999999999993
0.2880980905114945	33.399999999999935
0.2930496360719336	33.59999999999994
0.29847898024910874	33.79999999999994
0.3045403033415906	33.99999999999994
0.31149308413040433	34.199999999999946
0.31982899250840174	34.39999999999995
0.3306363248639426	34.59999999999995
0.3440192451496932	34.799999999999955
0.3536273005806305	34.799999999999955
0.3789992904144023	34.59999999999995
0.3919944780219873	34.39999999999995
0.4017090760938338	34.199999999999946
0.40984053246120367	33.99999999999994
0.41700527772677026	33.79999999999994
0.42350331328389795	33.59999999999994
0.4295058069386431	33.399999999999935
0.43512888475696726	33.19999999999993
0.44055344479518954	32.99999999999993
0.44548466864426856	32.799999999999926
0.45041589249334757	32.59999999999992
0.45496152959084113	32.39999999999992
0.4595071666883347	32.19999999999992
0.4637840147706344	31.99999999999992
0.46806086285293413	31.79999999999992
0.4720952143879107	31.59999999999992
0.47612956592288724	31.39999999999992
0.47999478615999974	31.19999999999992
0.48386000639711224	30.999999999999922
0.4875539156637741	30.799999999999923
0.49124782493043595	30.599999999999923
0.4948267963392223	30.399999999999924
0.4984057677480086	30.199999999999925
0.5018547774548505	29.999999999999925
0.5053037871616924	29.799999999999926
0.5086711473388403	29.599999999999927
0.5120385075159882	29.399999999999928
0.5153024246783965	29.19999999999993
0.5185663418408047	28.99999999999993
0.5217707989563759	28.79999999999993
0.5249752560719471	28.59999999999993
0.5280944973103022	28.39999999999993
0.5312137385486574	28.199999999999932
0.5342892114282953	27.999999999999932
0.5373646843079333	27.799999999999933
0.5403681327599362	27.599999999999934
0.5433715812119392	27.399999999999935
0.5463428698251901	27.199999999999935
0.549314158438441	26.999999999999936
0.5522233624179079	26.799999999999937
0.5551325663973748	26.599999999999937
0.5580185123690703	26.399999999999938
0.5609044583407657	26.19999999999994
0.5637360588233484	25.99999999999994
0.5665676593059311	25.79999999999994
0.569383033371776	25.59999999999994
0.5721984074376208	25.39999999999994
0.5749656300108497	25.199999999999942
0.5777328525840785	24.999999999999943
0.5804895450401765	24.799999999999944
0.5832462374962745	24.599999999999945
0.5859598555385623	24.399999999999945
0.5886734735808502	24.199999999999946
0.5913812793740952	23.999999999999947
0.5940890851673403	23.799999999999947
0.5967580675434184	23.599999999999948
0.5994270499194966	23.39999999999995
0.6020942062201745	23.19999999999995
0.6047613625208524	22.99999999999995
0.6073933245751522	22.79999999999995
0.6100252866294519	22.59999999999995
0.6126588531185206	22.399999999999952
0.6152924196075894	22.199999999999953
0.6178939470021408	21.999999999999954
0.6204954743966923	21.799999999999955
0.6231016102824557	21.599999999999955
0.6257077461682191	21.399999999999956
0.6282846340598445	21.199999999999957
0.6308615219514698	20.999999999999957
0.633445692511099	20.799999999999958
0.6360298630707281	20.59999999999996
0.6385907154664076	20.39999999999996
0.641151567862087	20.19999999999996
0.6437124202577665	19.99999999999996
0.6462684923710794	19.79999999999996
0.6488245644843923	19.599999999999962
0.6513718085998995	19.399999999999963
0.6539190527154067	19.199999999999964
0.6564902028122239	18.999999999999964
0.659018229222922	18.799999999999965
0.66154625563362	18.599999999999966
0.6640742820443181	18.399999999999967
0.6666215461025699	18.199999999999967
0.6691688101608216	17.999999999999968
0.6716915674759625	17.79999999999997
0.6742143247911033	17.59999999999997
0.6767526596143617	17.39999999999997
0.6792909944376201	17.19999999999997
0.6818293292608785	16.99999999999997
0.6843625880078542	16.799999999999972
0.68689584675483	16.599999999999973
0.6894291055018057	16.399999999999974
0.6919639761941884	16.199999999999974
0.694498846886571	15.999999999999975
0.6970337175789537	15.799999999999976
0.6995737346656986	15.599999999999977
0.7021137517524435	15.399999999999977
0.7046612508984114	15.199999999999978
0.707200119996503	14.999999999999979
0.7097389890945947	14.79999999999998
0.7122942941753124	14.59999999999998
0.7148495992560302	14.39999999999998
0.717404904336748	14.199999999999982
0.7199602094174657	13.999999999999982
0.7225272394325639	13.799999999999983
0.7250942694476621	13.599999999999984
0.7276655492632162	13.399999999999984
0.7302374335844927	13.199999999999985
0.7328224775402239	12.999999999999986
0.7354075214959551	12.799999999999986
0.7379925654516863	12.599999999999987
0.7405949913701838	12.399999999999988
0.7431974172886813	12.199999999999989
0.7457984682410571	11.99999999999999
0.7484229441899976	11.79999999999999
0.751047420138938	11.59999999999999
0.7536718960878784	11.399999999999991
0.7562963720368189	11.199999999999992
0.758948854912462	10.999999999999993
0.7616013377881051	10.799999999999994
0.7642566686210357	10.599999999999994
0.7669332235037467	10.399999999999995
0.7696097783864577	10.199999999999996
0.7722863332691687	9.999999999999996
0.774995991166985	9.799999999999997
0.7777056490648013	9.599999999999998
0.7804153069626176	9.399999999999999
0.7831583525392977	9.2
0.7859013981159777	9.0
0.7886566627050599	8.8
0.7914246521727072	8.600000000000001
0.7942058944540362	8.400000000000002
0.7970009416324734	8.200000000000003
0.7998103737044198	8.000000000000004
0.8026347977863264	7.800000000000004
0.8054748521598096	7.600000000000004
0.8083312099651208	7.400000000000004
0.8112022915468485	7.200000000000004
0.8140927203957674	7.0000000000000036
0.8170023235373514	6.800000000000003
0.8199314455420593	6.600000000000003
0.8228808452580181	6.400000000000003
0.825851469804906	6.200000000000003
0.828844329374916	6.000000000000003
0.8318605021287009	5.8000000000000025
0.8349018640348971	5.600000000000002
0.8379682057508925	5.400000000000002
0.8410615953546541	5.200000000000002
0.8441834751294263	5.000000000000002
0.8473354063993831	4.800000000000002
0.8505190846375105	4.600000000000001
0.8537363569921071	4.400000000000001
0.8569892429571564	4.200000000000001
0.8602799587693164	4.000000000000001
0.8636109468131612	3.800000000000001
0.8669849089835522	3.600000000000001
0.8704051729088077	3.400000000000001
0.873874456441756	3.2000000000000006
0.8773968720379557	3.0000000000000004
0.8809730418384135	2.8000000000000003
0.8846156288007064	2.6
0.8883259221944743	2.4
0.8921106859043435	2.1999999999999997
0.8959771996763394	1.9999999999999998
0.8999350006927467	1.7999999999999998
0.903992525004617	1.5999999999999999
0.9081649668168724	1.4
0.91247476647625	1.2
0.9169306680300291	1.0
0.921560904919158	0.8
0.9468207218991083	0.6000000000000001
0.9457164500767952	0.4
0.9442077314418158	0.2
0.9428427520884705	0.0
