0.023948304004137083	0.0
0.026387278280442388	100.0
0.028643211279581846	200.0
0.030845429286024566	300.0
0.03303491634897224	400.0
0.03523657044516375	500.0
0.03745883968235135	600.0
0.039713688614913124	700.0
0.04201085996656118	800.0
0.04435076144535047	900.0
0.046740636521579844	1000.0
0.04917974438359963	1100.0
0.05168090587838289	1200.0
0.05424254789640611	1300.0
0.05687244612529358	1400.0
0.05957043328962046	1500.0
0.062342100373885254	1600.0
0.0652001190944981	1700.0
0.06813769439476942	1800.0
0.07115871224383648	1900.0
0.07427223742011635	2000.0
0.07747730785747864	2100.0
0.08078922610318641	2200.0
0.08421114673661693	2300.0
0.08773198307553816	2400.0
0.09139057698021034	2500.0
0.095188201745927	2600.0
0.09912165557532565	2700.0
0.10320823751238607	2800.0
0.10746024761301848	2900.0
0.1118916340888893	3000.0
0.11653675815420318	3100.0
0.1213812476000358	3200.0
0.12646189855466217	3300.0
0.13180487845072017	3400.0
0.13744116325832592	3500.0
0.14336408358277886	3600.0
0.14969704475173445	3700.0
0.1564508361211937	3800.0
0.1637197220962066	3900.0
0.1716002880201214	4000.0
0.1802193701067618	4100.0
0.18974872198629425	4200.0
0.20050812108687813	4300.0
0.21295202394444043	4400.0
0.22806962269709216	4500.0
0.24772670787841192	4600.0
0.2539910742907905  4625.0
0.2612052952103525  4650.0
0.27053169345279127 4675.0
0.2740351228178941  4680.0
0.27607774859996986 4685.0
0.2787236168642188  4690.0
0.28159431455729184 4695.0
0.2847215136000418  4700.0
0.3096703169990532  4700.0
0.31040490081149746 4695.0
0.31113735789228825 4690.0
0.3118734932506103  4685.0
0.3119795560012105  4680.0
0.3288216119251103  4675.0
0.3457004947421666  4650.0
0.3569611166230632  4625.0
0.3658837927350318	4600.0
0.3935052225207371	4500.0
0.41509395835073026	4400.0
0.43373450485097237	4300.0
0.4506070643493625	4200.0
0.46626328014405966	4100.0
0.48097742601461485	4000.0
0.4949782227906286	3900.0
0.508417318816249	3800.0
0.5214013126139666	3700.0
0.5339793568628933	3600.0
0.5462847300440853	3500.0
0.5582536441358188	3400.0
0.5699891386635463	3300.0
0.5815249733117488	3200.0
0.5928899708486082	3100.0
0.6041089962245105	3000.0
0.6152040095306365	2900.0
0.6261945447860843	2800.0
0.6370982778446835	2700.0
0.64793142977565	2600.0
0.658709062119946	2500.0
0.6694453716446408	2400.0
0.6801539663819838	2300.0
0.6908494553383532	2200.0
0.701543230992261	2100.0
0.712248167064571	2000.0
0.7229773067443993	1900.0
0.7337643452931585	1800.0
0.7445748888268368	1700.0
0.7554595269579988	1600.0
0.7664271122981627	1500.0
0.7774952747854885	1400.0
0.7886834829490007	1300.0
0.8000144026942781	1200.0
0.8115134948898488	1100.0
0.823210948149503	1000.0
0.8351432358159889	900.0
0.8473556781547757	800.0
0.8599058758111975	700.0
0.8728662878826624	600.0
0.8863465613057855	500.0
0.9004974726758657	400.0
0.9155650044780562	300.0
0.9319845021470918	200.0
0.9507589495600576	100.0
0.976051695995863	0.0
