0.023948304004137083	0.0
0.027386214363633237	250.0
0.03062242265379417	500.0
0.0338789809186751	750.0
0.03722664582025608	1000.0
0.040708268702248265	1250.0
0.04435546640921695	1500.0
0.04820195655365038	1750.0
0.052278067754171986	2000.0
0.056606111323500824	2250.0
0.06122756880794269	2500.0
0.06617700657613938	2750.0
0.07149334786323312	3000.0
0.07724836034744487	3250.0
0.08349904859934698	3500.0
0.09031756043366324	3750.0
0.0978285282265531	4000.0
0.10617196653019255	4250.0
0.11550518421552639	4500.0
0.1260612032709165	4750.0
0.13831897045349606	5000.0
0.15285540291197372	5250.0
0.17076962797901954	5500.0
0.19475954180592828	5750.0
0.23390307817421713	6000.0
0.2473556175632768  6050.0
0.25129516234224125 6060.0
0.2585399434975336  6070.0
0.2645699705421645  6080.0
0.29126492742659355 6080.0
0.29191463543895463 6070.0
0.3016084136949187  6060.0
0.3127607139293675  6050.0
0.3358219279343032	6000.0
0.3951111242844114	5750.0
0.4352827631113523	5500.0
0.46926607241737534	5250.0
0.4998852882722601	5000.0
0.528146233508893	4750.0
0.5548575787143135	4500.0
0.5803021181279545	4250.0
0.6047869287183951	4000.0
0.6285139232774845	3750.0
0.6516374109070653	3500.0
0.6742433710349676	3250.0
0.6964177476563016	3000.0
0.7182982461515672	2750.0
0.7398995306764297	2500.0
0.7613338694299004	2250.0
0.7826297750202541	2000.0
0.8039346941944098	1750.0
0.8253238147720067	1500.0
0.8469160471201183	1250.0
0.868885542971291	1000.0
0.8915318363694319	750.0
0.9153556490697563	500.0
0.941578528521503	250.0
0.976051695995863	0.0
