0.023948304004137083	0.0
0.02812261490972028	250.0
0.03202735523680334	500.0
0.03595997514369879	750.0
0.040005849301706344	1000.0
0.044221316363030574	1250.0
0.04864817690602941	1500.0
0.053314616079177625	1750.0
0.058259056616968986	2000.0
0.06352361423494143	2250.0
0.06914760309214371	2500.0
0.07519192220378641	2750.0
0.08170684628140845	3000.0
0.08876950599938244	3250.0
0.0964749741147113	3500.0
0.10497516572680439	3750.0
0.11437758152832216	4000.0
0.1249167803411636	4250.0
0.13691825433363547	4500.0
0.1507669326478311	4750.0
0.1674793040876227	5000.0
0.1883364474590059	5250.0
0.21788681045301406	5500.0
0.22581385993579903 5550.0
0.2349870630282292  5600.0
0.24602852874548034 5650.0
0.25119150874600976 5670.0
0.25510759535682587 5680.0
0.2583153154927034  5690.0
0.26038314780559757 5695.0
0.2628669002190583  5700.0
0.263332005338224   5701.0
0.26380175833333747 5702.0
0.3088216232148767  5702.0
0.30903274267914765 5701.0
0.3092454132712359  5700.0
0.31033370279231826 5695.0
0.31687888111257306 5690.0
0.3255548753846777  5680.0
0.3313498819580026  5670.0
0.34033406126073273 5650.0
0.3572061512509826  5600.0
0.37047368535801306 5550.0
0.38194433260985355	5500.0
0.42743036224264896	5250.0
0.4636965167967131	5000.0
0.495521048850086	4750.0
0.5247207175141394	4500.0
0.551950952564585	4250.0
0.5778459862377631	4000.0
0.6027382065344411	3750.0
0.6268462219731608	3500.0
0.6503712272149126	3250.0
0.6734467650256583	3000.0
0.696189418700856	2750.0
0.7187066319231273	2500.0
0.7411036304361635	2250.0
0.7634782073273456	2000.0
0.7859417933681068	1750.0
0.8086319363276363	1500.0
0.831707460513897	1250.0
0.8554211115571041	1000.0
0.8801142913767352	750.0
0.9064489489632988	500.0
0.9359035388456872	250.0
0.976051695995863	0.0
