0.023948304004137083	0.0
0.024151976751669472	10.0
0.024351112739392063	20.0
0.024546524554144404	30.0
0.024738746229319167	40.0
0.024928203839483503	50.0
0.02511523103797052	60.0
0.025300092919290428	70.0
0.025483034653002407	80.0
0.025664166764402616	90.0
0.02584376646406983	100.0
0.02602204318721489	110.0
0.026198717844913948	120.0
0.02637445487713093	130.0
0.026548798007304815	140.0
0.026722257929463786	150.0
0.026894581922685706	160.0
0.02706615684379181	170.0
0.027236810179268708	180.0
0.02740666399396979	190.0
0.02757575437225688	200.0
0.027744412982703175	210.0
0.02791211689468617	220.0
0.028079196355565047	230.0
0.028245685270614745	240.0
0.028411740239348886	250.0
0.028577505481970418	260.0
0.02874235283593827	270.0
0.028906853023289374	280.0
0.02907092877801288	290.0
0.029234427321323225	300.0
0.029397677064373864	310.0
0.02955977274552897	320.0
0.02972228212795695	330.0
0.029884187320356338	340.0
0.030045920039613174	350.0
0.030207353897446946	360.0
0.03036797496009123	370.0
0.030528775731407592	380.0
0.03068919198455561	390.0
0.03084961545613661	400.0
0.031009607260114837	410.0
0.031169458609214808	420.0
0.03132901528042706	430.0
0.03148835433936087	440.0
0.03164748646852413	450.0
0.03180666551531194	460.0
0.03196544082188594	470.0
0.032124579725097246	480.0
0.032283161651422344	490.0
0.03244135225507962	500.0
0.03259966023538484	510.0
0.03275754524766081	520.0
0.032915320554120636	530.0
0.03307326104538077	540.0
0.03323075235313969	550.0
0.0333881502813394	560.0
0.033545437407521306	570.0
0.03370292959904381	580.0
0.033859980314856264	590.0
0.03401695894403807	600.0
0.03417418897817143	610.0
0.034330932408359854	620.0
0.03448767583854828	630.0
0.03464453333346345	640.0
0.03480135264324479	650.0
0.03495789152391634	660.0
0.035112995389859514	670.0
0.03526984835440137	680.0
0.03542594068812217	690.0
0.03558255938726114	700.0
0.03573876300188606	710.0
0.03589493721603799	720.0
0.036051111430189915	730.0
0.03620778904950486	740.0
0.03636446666881981	750.0
0.036520116761478046	760.0
0.03667576685413628	770.0
0.036832380525578856	780.0
0.03698849654074677	790.0
0.03714461255591468	800.0
0.037300728571082596	810.0
0.03745684458625051	820.0
0.03761349187272092	830.0
0.037770139159191335	840.0
0.037925781114124354	850.0
0.038081423069057374	860.0
0.03823811228824181	870.0
0.038394801507426246	880.0
0.03855050727161796	890.0
0.03870621303580968	900.0
0.038861918800001394	910.0
0.03901926507603491	920.0
0.03917661135206843	930.0
0.03933395762810195	940.0
0.03948828134093196	950.0
0.03964468887946344	960.0
0.03980109641799491	970.0
0.03995762039328612	980.0
0.040114144368577326	990.0
0.04027072263736674	1000.0
0.040427343364770295	1010.0
0.04058396409217385	1020.0
0.04074073419764117	1030.0
0.040897504303108484	1040.0
0.0410542744085758	1050.0
0.041213706060967976	1060.0
0.041370585303865816	1070.0
0.041527464546763655	1080.0
0.04168447704157237	1090.0
0.04184148953638108	1100.0
0.041998502031189794	1110.0
0.04215551452599851	1120.0
0.042313944843667614	1130.0
0.04247237516133672	1140.0
0.04262868577102428	1150.0
0.042784996380711836	1160.0
0.042943771204008954	1170.0
0.04310254602730607	1180.0
0.04325923443580527	1190.0
0.043417956187706476	1200.0
0.043576677939607684	1210.0
0.0437338142017158	1220.0
0.043890950463823915	1230.0
0.04404808672593203	1240.0
0.044208318289589855	1250.0
0.04436854985324768	1260.0
0.044525181953660335	1270.0
0.04468181405407299	1280.0
0.04484339448932542	1290.0
0.04500209723846042	1300.0
0.045160799987595424	1310.0
0.045319502736730424	1320.0
0.04547885168678711	1330.0
0.04563820063684379	1340.0
0.04579723736268426	1350.0
0.045956598721233005	1360.0
0.04611596007978175	1370.0
0.04627532143833049	1380.0
0.046436352037125365	1390.0
0.04659738263592024	1400.0
0.046758413234715114	1410.0
0.04691593064167345	1420.0
0.04707603615033788	1430.0
0.04723614165900231	1440.0
0.04739757517368671	1450.0
0.04755795867173714	1460.0
0.04771834216978758	1470.0
0.04787872566783801	1480.0
0.048039109165888445	1490.0
0.048202320226225524	1500.0
0.0483655312865626	1510.0
0.048524737404526994	1520.0
0.048683943522491384	1530.0
0.048844248707302376	1540.0
0.04900385434161368	1550.0
0.04916785964823636	1560.0
0.049329466016828284	1570.0
0.04949121981947452	1580.0
0.049654674286820875	1590.0
0.049816942704783804	1600.0
0.049979353883251754	1610.0
0.05014191013421726	1620.0
0.05030461750457713	1630.0
0.05046752619979956	1640.0
0.050629771076950325	1650.0
0.05079201595410109	1660.0
0.05095426083125186	1670.0
0.05112152426778569	1680.0
0.05128528470077175	1690.0
0.0514490451337578	1700.0
0.05161280556674386	1710.0
0.051776565999729914	1720.0
0.05194032643271597	1730.0
0.052106301914072096	1740.0
0.052272277395428224	1750.0
0.05243594126786123	1760.0
0.05259960514029424	1770.0
0.05276633496340383	1780.0
0.05293178435481348	1790.0
0.053100724028974186	1800.0
0.05326966370313489	1810.0
0.05343261512029758	1820.0
0.05359882832765832	1830.0
0.053765041535019056	1840.0
0.053931254742379794	1850.0
0.05409746794974053	1860.0
0.05426368115710127	1870.0
0.05443262034438657	1880.0
0.05460155953167187	1890.0
0.054767436679373845	1900.0
0.05493331382707582	1910.0
0.05510301299450147	1920.0
0.05527271216192711	1930.0
0.055439498532006776	1940.0
0.05560628490208644	1950.0
0.05577663748640122	1960.0
0.055946990070716004	1970.0
0.05611674688722839	1980.0
0.056286503703740776	1990.0
0.05645557102288724	2000.0
0.0566246383420337	2010.0
0.05679521375649516	2020.0
0.05696578917095663	2030.0
0.05713568711230954	2040.0
0.057305585053662456	2050.0
0.057477003097168584	2060.0
0.05764842114067471	2070.0
0.05781917389678683	2080.0
0.05798992665289894	2090.0
0.058162211649692035	2100.0
0.05833449664648513	2110.0
0.058506127455944024	2120.0
0.05867841987851032	2130.0
0.05885071230107662	2140.0
0.05902300472364292	2150.0
0.05919529714620922	2160.0
0.05936758956877552	2170.0
0.05953988199134182	2180.0
0.05971693953107482	2190.0
0.05989399707080782	2200.0
0.06006496635031289	2210.0
0.06023593562981795	2220.0
0.06041394149732694	2230.0
0.06059194736483593	2240.0
0.06076387827735871	2250.0
0.06093580918988149	2260.0
0.061114788861540155	2270.0
0.06129376853319882	2280.0
0.06146668612055152	2290.0
0.06163960370790422	2300.0
0.06181958294029398	2310.0
0.061999562172683736	2320.0
0.06217349315179517	2330.0
0.062347424130906604	2340.0
0.06252842937324657	2350.0
0.06270943461558653	2360.0
0.06288440564921176	2370.0
0.06305937668283698	2380.0
0.06324143479554585	2390.0
0.06342349290825472	2400.0
0.0635995310802855	2410.0
0.06377556925231628	2420.0
0.06395870752667634	2430.0
0.0641418458010364	2440.0
0.06431897863638716	2450.0
0.06449611147173792	2460.0
0.06468035764992044	2470.0
0.06486460382810297	2480.0
0.0650428593129124	2490.0
0.06522111479772183	2500.0
0.06540649709316199	2510.0
0.06559187938860214	2520.0
0.06577128599081966	2530.0
0.06595069259303718	2540.0
0.0661372397112308	2550.0
0.06632378682942441	2560.0
0.06650437351985045	2570.0
0.06668496021027648	2580.0
0.06687270154648475	2590.0
0.06706044288269303	2600.0
0.06724223963713129	2610.0
0.06742403639156955	2620.0
0.06761300101476696	2630.0
0.06780196563796437	2640.0
0.06798500163629648	2650.0
0.06816803763462859	2660.0
0.0683582561176413	2670.0
0.06854847460065402	2680.0
0.06873278072933431	2690.0
0.06891708685801459	2700.0
0.06910859038566675	2710.0
0.0693000939133189	2720.0
0.06948570168712047	2730.0
0.06967130946092204	2740.0
0.06986412985760035	2750.0
0.07005695025427866	2760.0
0.07024389183469701	2770.0
0.07043083341511536	2780.0
0.07062500242198971	2790.0
0.07081917142886407	2800.0
0.07100747815952792	2810.0
0.07119578489019177	2820.0
0.07139133529841603	2830.0
0.07158688570664029	2840.0
0.0717765912895968	2850.0
0.07196629687255332	2860.0
0.07215600245550984	2870.0
0.07234570803846635	2880.0
0.07254727577529574	2890.0
0.07274884351212513	2900.0
0.07293691215433439	2910.0
0.07312498079654364	2920.0
0.0733280137372728	2930.0
0.07353104667800195	2940.0
0.07372059949439243	2950.0
0.0739101523107829	2960.0
0.07411425628307299	2970.0
0.07431836025536306	2980.0
0.0745098862065652	2990.0
0.07470141215776735	3000.0
0.07490705135151615	3010.0
0.07511269054526495	3020.0
0.07530577232065769	3030.0
0.07549885409605042	3040.0
0.07570606609633507	3050.0
0.07591327809661971	3060.0
0.07610795343182988	3070.0
0.07630262876704005	3080.0
0.07651145158253482	3090.0
0.07672027439802959	3100.0
0.07691658167237315	3110.0
0.07711288894671672	3120.0
0.07732336128669014	3130.0
0.07753383362666355	3140.0
0.07773181196819284	3150.0
0.07792979030972214	3160.0
0.07814145299275559	3170.0
0.07835311567578904	3180.0
0.07855333137864819	3190.0
0.07875354708150734	3200.0
0.0789669381038459	3210.0
0.07918032912618447	3220.0
0.07938229575124256	3230.0
0.07958426237630065	3240.0
0.07979942333553405	3250.0
0.08001458429476746	3260.0
0.08021834377680173	3270.0
0.080422103258836	3280.0
0.08063907653139084	3290.0
0.08085604980394567	3300.0
0.08106164504444234	3310.0
0.08126724028493901	3320.0
0.0814860692427641	3330.0
0.08170489820058918	3340.0
0.08191237312615866	3350.0
0.08211984805172814	3360.0
0.0823405771193468	3370.0
0.08256130618696544	3380.0
0.08277070580567829	3390.0
0.08298010542439113	3400.0
0.0832027801348049	3410.0
0.08342545484521866	3420.0
0.0836368253025014	3430.0
0.08384819575978414	3440.0
0.08407286281051787	3450.0
0.08429752986125161	3460.0
0.08451091849641709	3470.0
0.08472430713158258	3480.0
0.0849507423822236	3490.0
0.08517717763286461	3500.0
0.0853929436737296	3510.0
0.08560870971459458	3520.0
0.08583723397072712	3530.0
0.08606575822685966	3540.0
0.08628364051986877	3550.0
0.08650152281287787	3560.0
0.0867321867874262	3570.0
0.08696285076197452	3580.0
0.08718290066426822	3590.0
0.08740295056656192	3600.0
0.08763580628318449	3610.0
0.08786866199980706	3620.0
0.08809093229963945	3630.0
0.08831320259947184	3640.0
0.08854830354640421	3650.0
0.08878340449333658	3660.0
0.0890079494801426	3670.0
0.08923249446694861	3680.0
0.08946989566858074	3690.0
0.08970729687021287	3700.0
0.08994469807184499	3710.0
0.09016719178821368	3720.0
0.09040080646269275	3730.0
0.09063442113717181	3740.0
0.09086803581165087	3750.0
0.09110165048612993	3760.0
0.09134126596366328	3770.0
0.09158088144119662	3780.0
0.0918151496961591	3790.0
0.09204941795112158	3800.0
0.09229150946897619	3810.0
0.09253360098683079	3820.0
0.09277037715709832	3830.0
0.09300715332736585	3840.0
0.09325178259223856	3850.0
0.09349641185711126	3860.0
0.09373575890954022	3870.0
0.09397510596196919	3880.0
0.09422233689850291	3890.0
0.09446956783503664	3900.0
0.09471155074127835	3910.0
0.09495353364752006	3920.0
0.0952034322341581	3930.0
0.09545333082079614	3940.0
0.09569801665909237	3950.0
0.09594270249738861	3960.0
0.09619533687123606	3970.0
0.09644797124508352	3980.0
0.09669542930841526	3990.0
0.09694288737174701	4000.0
0.09719832794000971	4010.0
0.0974537685082724	4020.0
0.0977092090765351	4030.0
0.09795801887865707	4040.0
0.09821269220302392	4050.0
0.09846736552739077	4060.0
0.09872203885175762	4070.0
0.09897671217612447	4080.0
0.09923872508642959	4090.0
0.0995007379967347	4100.0
0.09975621306572316	4110.0
0.10001168813471162	4120.0
0.1002767335051832	4130.0
0.10054177887565477	4140.0
0.10080032809756717	4150.0
0.10105887731947957	4160.0
0.10132703550978003	4170.0
0.1015951937000805	4180.0
0.10185689932977816	4190.0
0.10211860495947583	4200.0
0.102389959665462	4210.0
0.10266131437144815	4220.0
0.10292626169355282	4230.0
0.10319120901565748	4240.0
0.10346584704433001	4250.0
0.10374048507300254	4260.0
0.10400876257200035	4270.0
0.10427704007099817	4280.0
0.10455505151648052	4290.0
0.10483306296196288	4300.0
0.10510476250453253	4310.0
0.10537646204710219	4320.0
0.10565794047930722	4330.0
0.10593941891151226	4340.0
0.10621463594211357	4350.0
0.10648985297271488	4360.0
0.10677489563984828	4370.0
0.10705993830698168	4380.0
0.10733877205791063	4390.0
0.10761760580883958	4400.0
0.10790631385501286	4410.0
0.10817734039817209	4420.0
0.10846337353445666	4430.0
0.10874940667074123	4440.0
0.1090354398070258	4450.0
0.10932147294331038	4460.0
0.10961699900152708	4470.0
0.10991252505974378	4480.0
0.11019960457303762	4490.0
0.11048668408633147	4500.0
0.11078971860423938	4510.0
0.11109275312214728	4520.0
0.11138036357129363	4530.0
0.11166797402043999	4540.0
0.11197506293567089	4550.0
0.11228215185090179	4560.0
0.11257388143328521	4570.0
0.11286561101566864	4580.0
0.1131768751012747	4590.0
0.11348813918688075	4600.0
0.11378411268208116	4610.0
0.11408008617728158	4620.0
0.11439565281477213	4630.0
0.11471121945226267	4640.0
0.11501156726723731	4650.0
0.11531191508221195	4660.0
0.11563191745534407	4670.0
0.11595191982847619	4680.0
0.11625677837218246	4690.0
0.11656163691588872	4700.0
0.11688621440080062	4710.0
0.11721079188571251	4720.0
0.11752030397644253	4730.0
0.11782981606717255	4740.0
0.1182171027707195	4750.0
0.11853794531596895	4760.0
0.11887260706218655	4770.0
0.11920726880840415	4780.0
0.1195206053534465	4790.0
0.11983394189848884	4800.0
0.12017360833393881	4810.0
0.12051327476938878	4820.0
0.12083169800087865	4830.0
0.12115012123236851	4840.0
0.1214949449680879	4850.0
0.12183976870380728	4860.0
0.12216344130386317	4870.0
0.12248711390391906	4880.0
0.1228372622889413	4890.0
0.12318741067396355	4900.0
0.12351650533886364	4910.0
0.12384560000376374	4920.0
0.12420125053973352	4930.0
0.1245569010757033	4940.0
0.12489160087605394	4950.0
0.12522630067640458	4960.0
0.12558764145519113	4970.0
0.12594898223397769	4980.0
0.12628948112399146	4990.0
0.12662998001400524	5000.0
0.12699721029209599	5010.0
0.12736444057018673	5020.0
0.12771094402696118	5030.0
0.12805744748373563	5040.0
0.12843077838164807	5050.0
0.1288041092795605	5060.0
0.12915683506494258	5070.0
0.12950956085032464	5080.0
0.12988921617332408	5090.0
0.13026887149632352	5100.0
0.13062805054077756	5110.0
0.1309872295852316	5120.0
0.13137344676743484	5130.0
0.1317596639496381	5140.0
0.13212554136266091	5150.0
0.13253074080235525	5160.0
0.13291090428056962	5170.0
0.133291067758784	5180.0
0.13367123123699837	5190.0
0.1340547886250509	5200.0
0.13443834601310345	5210.0
0.134821903401156	5220.0
0.13522164223191283	5230.0
0.13562138106266966	5240.0
0.13600873948333586	5250.0
0.13639609790400206	5260.0
0.13680336339370786	5270.0
0.13721062888341365	5280.0
0.1376056725311977	5290.0
0.13800071617898177	5300.0
0.13841581911862938	5310.0
0.138830922058277	5320.0
0.13923397473434357	5330.0
0.13963702741041015	5340.0
0.14006030238470857	5350.0
0.140483577359007	5360.0
0.14089498549338061	5370.0
0.14130639362775424	5380.0
0.14173819889708816	5390.0
0.1421700041664221	5400.0
0.1425901390224967	5410.0
0.14301027387857132	5420.0
0.14345099372624223	5430.0
0.14389171357391314	5440.0
0.14432097375365838	5450.0
0.1447502339334036	5460.0
0.14520028133622967	5470.0
0.14565032873905573	5480.0
0.14608914303705095	5490.0
0.14652795733504617	5500.0
0.14698777701002322	5510.0
0.14744759668500027	5520.0
0.14789642734937364	5530.0
0.148345258013747	5540.0
0.1488153299048127	5550.0
0.14928540179587838	5560.0
0.1497447482667913	5570.0
0.1502040947377042	5580.0
0.15068493802048377	5590.0
0.15116578130326333	5600.0
0.15171147228595433	5610.0
0.15219166085632962	5620.0
0.15267184942670492	5630.0
0.15315203799708021	5640.0
0.15364972790913073	5650.0
0.15414741782118124	5660.0
0.15464510773323176	5670.0
0.15514279764528227	5680.0
0.15564048755733279	5690.0
0.1561381774693833	5700.0
0.1566358673814338	5710.0
0.15715878522896365	5720.0
0.15768170307649348	5730.0
0.15820462092402332	5740.0
0.15871136222378915	5750.0
0.15923572361833885	5760.0
0.15976008501288855	5770.0
0.16028444640743825	5780.0
0.16083003786917988	5790.0
0.1613756293309215	5800.0
0.16192122079266313	5810.0
0.16246681225440476	5820.0
0.1630124037161464	5830.0
0.16355799517788802	5840.0
0.16410358663962965	5850.0
0.16468110732024316	5860.0
0.16525862800085667	5870.0
0.1658172934630838	5880.0
0.16637595892531093	5890.0
0.1669703765650252	5900.0
0.16756479420473946	5910.0
0.16815921184445373	5920.0
0.16861460484031013	5930.0
0.16920926343626236	5940.0
0.1698039220322146	5950.0
0.17039858062816682	5960.0
0.17101700605860834	5970.0
0.17163543148904986	5980.0
0.17225385691949138	5990.0
0.17294457774319694	6000.0
0.17357293457490763	6010.0
0.17420129140661833	6020.0
0.17482964823832903	6030.0
0.17548196373605318	6040.0
0.17613427923377734	6050.0
0.1767865947315015	6060.0
0.17743891022922564	6070.0
0.1780912257269498	6080.0
0.17874354122467395	6090.0
0.1794689224236806	6100.0
0.18019430362268724	6110.0
0.1808468020334989	6120.0
0.18149930044431056	6130.0
0.18225088722499536	6140.0
0.18300247400568015	6150.0
0.18368250031447	6160.0
0.18436252662325986	6170.0
0.18512674360399	6180.0
0.18589096058472016	6190.0
0.1866551775654503	6200.0
0.1873738301828951	6210.0
0.1880924828003399	6220.0
0.18891187911596607	6230.0
0.18973127543159224	6240.0
0.1904841353619156	6250.0
0.19123699529223898	6260.0
0.1920921630630463	6270.0
0.19303052136628296	6280.0
0.19385714601830703	6290.0
0.1946837706703311	6300.0
0.19551039532235517	6310.0
0.1963983969800057	6320.0
0.1972863986376562	6330.0
0.19817440029530672	6340.0
0.19906240195295724	6350.0
0.19995040361060776	6360.0
0.20083840526825827	6370.0
0.2017849631917733	6380.0
0.20273152111528833	6390.0
0.20367807903880336	6400.0
0.2046246369623184	6410.0
0.20563546392665238	6420.0
0.20664629089098638	6430.0
0.20779516891711805	6440.0
0.20882143046547566	6450.0
0.20984769201383327	6460.0
0.21092517189568613	6470.0
0.212002651777539	6480.0
0.21308013165939185	6490.0
0.21421947436335725	6500.0
0.21535881706732266	6510.0
0.21649815977128806	6520.0
0.21770133975466946	6530.0
0.21915516279043235	6540.0
0.22036926565947096	6550.0
0.22158336852850957	6560.0
0.2228746148426299	6570.0
0.22416586115675025	6580.0
0.22575920682967027	6590.0
0.22705784075018434	6600.0
0.22867399124124235	6610.0
0.23029014173230036	6620.0
0.23159571304076698	6630.0
0.2319540012658207	6640.0
0.23371333073481473	6650.0
0.23547266020380878	6660.0
0.23699086895972873	6670.0
0.2385090777156487	6680.0
0.24075816692395705	6690.0
0.242340913243416	6700.0
0.24434663213573793	6710.0
0.24635235102805986	6720.0
0.24824985748536535	6730.0
0.2512704414827012	6740.0
0.2542910254800371	6750.0
0.2561241346155221	6760.0
0.2588261719678971	6770.0
0.2618000843385182	6780.0
0.2660275046829846	6790.0
0.2705375274212844	6800.0
0.28663768335950895	6810.0
0.2929958690877723	6810.0
0.30037079094733576	6800.0
0.3040628777817684	6790.0
0.31299091109978616	6780.0
0.3205483151108463	6770.0
0.3259095099425242	6760.0
0.3305805457677419	6750.0
0.3340554422920887	6740.0
0.33753033881643557	6730.0
0.3411055304271347	6720.0
0.3437531336734619	6710.0
0.34640073691978907	6700.0
0.34938953184723465	6690.0
0.3519851859725532	6680.0
0.35445593838682776	6670.0
0.35692669080110234	6660.0
0.3591769538301905	6650.0
0.36142721685927864	6640.0
0.3636220680657663	6630.0
0.36580133360137235	6620.0
0.3678346413041643	6610.0
0.3698679490069563	6600.0
0.3718568076641969	6590.0
0.3738094956397821	6580.0
0.37571552522162055	6570.0
0.377621554803459	6560.0
0.3794320115616771	6550.0
0.3812424683198952	6540.0
0.3830239501683392	6530.0
0.3847995786098917	6520.0
0.38650343233396167	6510.0
0.3882072860580316	6500.0
0.38991113978210157	6490.0
0.3915445565345461	6480.0
0.39317797328699067	6470.0
0.3948113900394352	6460.0
0.39638823219118047	6450.0
0.3979650743429257	6440.0
0.3995674158773864	6430.0
0.4011132128572744	6420.0
0.4026590098371624	6410.0
0.40414599159978265	6400.0
0.4056329733624029	6390.0
0.40711995512502314	6380.0
0.4086069368876434	6370.0
0.4100288972283446	6360.0
0.41145085756904587	6350.0
0.4128728179097471	6340.0
0.41429477825044836	6330.0
0.4157167385911496	6320.0
0.41713869893185085	6310.0
0.4184967342526285	6300.0
0.4198547695734062	6290.0
0.42121280489418383	6280.0
0.42256084362065705	6270.0
0.4238445317225048	6260.0
0.42522731179364226	6250.0
0.4266100918647797	6240.0
0.4278563086613371	6230.0
0.4291025254578945	6220.0
0.4304500459000981	6210.0
0.4317975663423017	6200.0
0.4330379011676421	6190.0
0.43427823599298254	6180.0
0.43551857081832296	6170.0
0.4368095486527055	6160.0
0.438100526487088	6150.0
0.4392927702049409	6140.0
0.44048501392279377	6130.0
0.4417478315346286	6120.0
0.44301064914646343	6110.0
0.4441757851080211	6100.0
0.44534092106957873	6090.0
0.4465345848906762	6080.0
0.4477282487117737	6070.0
0.44892191253287117	6060.0
0.45011557635396865	6050.0
0.45130924017506613	6040.0
0.4525029039961636	6030.0
0.45365480142855447	6020.0
0.4548066988609453	6010.0
0.4559585962933362	6000.0
0.45708125982721776	5990.0
0.45823217095456287	5980.0
0.459383082081908	5970.0
0.4605339932092531	5960.0
0.4616509276512524	5950.0
0.46276786209325166	5940.0
0.46388479653525094	5930.0
0.46511494506784457	5920.0
0.46622746643477747	5910.0
0.4673399878017104	5900.0
0.4684525091686433	5890.0
0.4695296915272126	5880.0
0.4706068738857819	5870.0
0.471702685403034	5860.0
0.47279849692028614	5850.0
0.47386273501074605	5840.0
0.47492697310120596	5830.0
0.4759912111916659	5820.0
0.4770554492821258	5810.0
0.4781196873725857	5800.0
0.4791839254630456	5790.0
0.4802481635535055	5780.0
0.4812913819714607	5770.0
0.4823346003894159	5760.0
0.4833778188073711	5750.0
0.4844031660679671	5740.0
0.4854451664058787	5730.0
0.48648716674379033	5720.0
0.48752916708170196	5710.0
0.48854593860023005	5700.0
0.4895627101187581	5690.0
0.4905794816372862	5680.0
0.4915962531558143	5670.0
0.49261302467434237	5660.0
0.49362979619287045	5650.0
0.49464656771139853	5640.0
0.4956460444576996	5630.0
0.4966455212040007	5620.0
0.49764499795030176	5610.0
0.4986275065303891	5600.0
0.4995973022216469	5590.0
0.5005670979129047	5580.0
0.5015779479446645	5570.0
0.5025887979764243	5560.0
0.5035478286203139	5550.0
0.5045068592642035	5540.0
0.5055072418705088	5530.0
0.5065076244768141	5520.0
0.5074564166073376	5510.0
0.5084052087378612	5500.0
0.5093956286130409	5490.0
0.5103860484882206	5480.0
0.5113250893479259	5470.0
0.5122641302076312	5460.0
0.5132450549840503	5450.0
0.5142259797604694	5440.0
0.5151557213403738	5430.0
0.5160854629202782	5420.0
0.5170573269243159	5410.0
0.5180291909283536	5400.0
0.5189500534926409	5390.0
0.5198709160569281	5380.0
0.5208341235927582	5370.0
0.5217973311285882	5360.0
0.5227097063022405	5350.0
0.5236220814758927	5340.0
0.5245770097077698	5330.0
0.5255319379396468	5320.0
0.5264361914235324	5310.0
0.5273404449074179	5300.0
0.5282874463989137	5290.0
0.5292344478904094	5280.0
0.530130921857271	5270.0
0.5310273958241325	5260.0
0.5319668007883641	5250.0
0.5329062057525957	5240.0
0.5337952139303631	5230.0
0.5346842221081305	5220.0
0.5356042173600136	5210.0
0.5365242126118968	5200.0
0.5374442078637799	5190.0
0.5383450241272503	5180.0
0.5392458403907207	5170.0
0.540146656654191	5160.0
0.5410457767683438	5150.0
0.5419446304981566	5140.0
0.5428389838582959	5130.0
0.5437333372184352	5120.0
0.5446255963168208	5110.0
0.5455178554152065	5100.0
0.5464057430611332	5090.0
0.5472936307070599	5080.0
0.5481795465820946	5070.0
0.5490654624571292	5060.0
0.5499471287242174	5050.0
0.5508287949913055	5040.0
0.5517086053160719	5030.0
0.5525884156408383	5020.0
0.5534640916899198	5010.0
0.5543397677390014	5000.0
0.5552136975363007	4990.0
0.5560876273336	4980.0
0.5569575321812934	4970.0
0.5578274370289869	4960.0
0.5586956996512125	4950.0
0.5595639622734381	4940.0
0.5604283037240074	4930.0
0.5612926451745768	4920.0
0.5621554431909868	4910.0
0.5630182412073967	4900.0
0.5638772166975512	4890.0
0.5647361921877057	4880.0
0.5655937181896525	4870.0
0.5664512441915994	4860.0
0.5673050415580536	4850.0
0.5681588389245078	4840.0
0.5690112762578566	4830.0
0.5698637135912055	4820.0
0.570712511769587	4810.0
0.5715613099479686	4800.0
0.5724088333804084	4790.0
0.5732563568128481	4780.0
0.5741003257708771	4770.0
0.5749442947289061	4760.0
0.5757870819663026	4750.0
0.5766295929033575	4740.0
0.5774691560275979	4730.0
0.5783087191518382	4720.0
0.5791466494175042	4710.0
0.5799845796831701	4700.0
0.5808196321320713	4690.0
0.5816546845809726	4680.0
0.5824881806301032	4670.0
0.5833216766792338	4660.0
0.5841523676806161	4650.0
0.5849830586819983	4640.0
0.5858122665473023	4630.0
0.5866414744126064	4620.0
0.5874679469879365	4610.0
0.5882944195632666	4600.0
0.5891194792850657	4590.0
0.5899445390068648	4580.0
0.5907669303869422	4570.0
0.5915893217670195	4560.0
0.592410367792399	4550.0
0.5932314138177784	4540.0
0.5940498558263811	4530.0
0.5948682978349839	4520.0
0.5956854595272043	4510.0
0.5965026212194248	4500.0
0.597312683805922	4490.0
0.5981227463924191	4480.0
0.5989408339660538	4470.0
0.5997589215396885	4460.0
0.6005679765952012	4450.0
0.601377031650714	4440.0
0.6021860867062268	4430.0
0.6029951417617395	4420.0
0.6038033082434545	4410.0
0.6046146657107959	4400.0
0.6054170016573047	4390.0
0.6062193376038135	4380.0
0.607027225206253	4370.0
0.6078351128086924	4360.0
0.6086340325514265	4350.0
0.6094329522941605	4340.0
0.6102374797528155	4330.0
0.6110420072114705	4320.0
0.6118376186830863	4310.0
0.6126332301547021	4300.0
0.6134345035615794	4290.0
0.6142357769684567	4280.0
0.6150281845876532	4270.0
0.6158205922068497	4260.0
0.6166187142556668	4250.0
0.617416836304484	4240.0
0.6182061411994143	4230.0
0.6189954460943446	4220.0
0.6197905162965779	4210.0
0.6205855864988111	4200.0
0.6213718867163842	4190.0
0.6221581869339573	4180.0
0.6229503018214362	4170.0
0.6237424167089151	4160.0
0.6245258074112209	4150.0
0.6253091981135267	4140.0
0.6260984514287327	4130.0
0.6268877047439386	4120.0
0.6276682783929098	4110.0
0.6284488520418811	4100.0
0.6292353346631573	4090.0
0.6300218172844335	4080.0
0.6308016487133372	4070.0
0.6315814801422409	4060.0
0.6323613115711446	4050.0
0.6331411430000483	4040.0
0.6339160742103332	4030.0
0.6346964034311725	4020.0
0.6354767326520118	4010.0
0.636257061872851	4000.0
0.6370305913183958	3990.0
0.6378041207639406	3980.0
0.6385819387824704	3970.0
0.6393597568010002	3960.0
0.6401308155135178	3950.0
0.6409018742260354	3940.0
0.641677263336447	3930.0
0.6424526524468587	3920.0
0.6432213218081808	3910.0
0.643989991169503	3900.0
0.6447630318136179	3890.0
0.6455360724577329	3880.0
0.6463024320619001	3870.0
0.6470687916660672	3860.0
0.6478395625626177	3850.0
0.6486103334591681	3840.0
0.6493744612386959	3830.0
0.6501385890182237	3820.0
0.6509071672861202	3810.0
0.6516757455540166	3800.0
0.6524377179003756	3790.0
0.6531996902467346	3780.0
0.6539661513740054	3770.0
0.6547326125012761	3760.0
0.6554940133406172	3750.0
0.6562554141799583	3740.0
0.6570168150192993	3730.0
0.6577782158586404	3720.0
0.6585438578348136	3710.0
0.6593016551740039	3700.0
0.6600594525131941	3690.0
0.6608172498523843	3680.0
0.6615778522402652	3670.0
0.6623384546281461	3660.0
0.6630943536827485	3650.0
0.6638502527373509	3640.0
0.664608992487366	3630.0
0.6653677322373812	3620.0
0.6661218038139598	3610.0
0.6668758753905384	3600.0
0.6676328228090687	3590.0
0.6683897702275989	3580.0
0.6691420841704202	3570.0
0.6698943981132415	3560.0
0.6706496225909987	3550.0
0.6714048470687559	3540.0
0.6721554723521903	3530.0
0.6729060976356247	3520.0
0.673659667738308	3510.0
0.6744132378409913	3500.0
0.6751622426869395	3490.0
0.6759112475328877	3480.0
0.6766636703730984	3470.0
0.6774160932133091	3460.0
0.6781631622033354	3450.0
0.6789102311933617	3440.0
0.6796611356430784	3430.0
0.6804120400927951	3420.0
0.681157624012592	3410.0
0.6819032079323888	3400.0
0.6826526607664091	3390.0
0.6834021136004294	3380.0
0.6841462789907603	3370.0
0.6848904443810913	3360.0
0.6856385119059842	3350.0
0.6863865794308772	3340.0
0.687129392404148	3330.0
0.6878722053774189	3320.0
0.6886189535103132	3310.0
0.6893657016432075	3300.0
0.6901072279605158	3290.0
0.6908487542778241	3280.0
0.6915942486214941	3270.0
0.6923397429651641	3260.0
0.6930800481091862	3250.0
0.6938203532532083	3240.0
0.6945646591663834	3230.0
0.6953089650795585	3220.0
0.6960481143218469	3210.0
0.6967872635641352	3200.0
0.6975304462251588	3190.0
0.6982736288861824	3180.0
0.699011687408449	3170.0
0.6997497459307156	3160.0
0.700492631442848	3150.0
0.7012355169549804	3140.0
0.7019718326117669	3130.0
0.7027081482685533	3120.0
0.7034500425734138	3110.0
0.7041919368782743	3100.0
0.7049272939006472	3090.0
0.7056626509230202	3080.0
0.7064036193947116	3070.0
0.7071445878664031	3060.0
0.7078790516786977	3050.0
0.7086135154909923	3040.0
0.7093536235750407	3030.0
0.7100937316590892	3020.0
0.7108273677563138	3010.0
0.7115610038535385	3000.0
0.7123003170502968	2990.0
0.7130396302470552	2980.0
0.7137725042113253	2970.0
0.7145053781755955	2960.0
0.715244626526602	2950.0
0.7159838748776086	2940.0
0.7167154279968816	2930.0
0.7174469811161546	2920.0
0.7181855690861533	2910.0
0.718924157056152	2900.0
0.7196550826638157	2890.0
0.7203860082714795	2880.0
0.7211235505757047	2870.0
0.7218610928799298	2860.0
0.722598635184155	2850.0
0.7233361774883802	2840.0
0.7240666105832961	2830.0
0.7247970436782121	2820.0
0.7255340984837052	2810.0
0.7262711532891983	2800.0
0.7270011336089801	2790.0
0.7277311139287619	2780.0
0.7284677502399457	2770.0
0.7292043865511295	2760.0
0.7299339844396032	2750.0
0.7306635823280769	2740.0
0.7313998726508442	2730.0
0.7321361629736114	2720.0
0.7328654504215979	2710.0
0.7335947378695844	2700.0
0.7343307536649558	2690.0
0.7350667694603272	2680.0
0.7357958185675162	2670.0
0.7365248676747052	2660.0
0.7372606816653284	2650.0
0.7379964956559517	2640.0
0.7387253798503906	2630.0
0.7394542640448294	2620.0
0.740189950341322	2610.0
0.7409256366378145	2600.0
0.7416544307912001	2590.0
0.7423832249445856	2580.0
0.743118860817602	2570.0
0.7438544966906184	2560.0
0.7445832786195347	2550.0
0.7453120605484509	2540.0
0.7460477228566471	2530.0
0.7467833851648433	2520.0
0.7475122330544396	2510.0
0.7482410809440359	2500.0
0.7489768489884363	2490.0
0.7497126170328368	2480.0
0.7504416111286577	2470.0
0.7511706052244786	2460.0
0.7519065601739042	2450.0
0.7526425151233298	2440.0
0.7533717376138365	2430.0
0.7541009601043431	2420.0
0.7548371851459668	2410.0
0.7555734101875904	2400.0
0.7563029453591664	2390.0
0.7570324805307425	2380.0
0.75776906102961	2370.0
0.7585056415284774	2360.0
0.7592355759298524	2350.0
0.7599655103312273	2340.0
0.7607025339996658	2330.0
0.7614395576681043	2320.0
0.7621699802851619	2310.0
0.7629004029022195	2300.0
0.7636379599801367	2290.0
0.764375517058054	2280.0
0.7651065195000039	2270.0
0.7658375219419538	2260.0
0.766575704694062	2250.0
0.7673138874461702	2240.0
0.7680455646034232	2230.0
0.7687772417606762	2220.0
0.7695161473502672	2210.0
0.7702550529398582	2200.0
0.7709875018438883	2190.0
0.7717199507479184	2180.0
0.772457300486309	2170.0
0.7731946502246996	2160.0
0.7739319999630901	2150.0
0.7746693497014807	2140.0
0.7754066994398713	2130.0
0.7761440491782619	2120.0
0.7768629907831472	2110.0
0.7776054725904894	2100.0
0.7783479543978316	2090.0
0.779082477760158	2080.0
0.7798170011224845	2070.0
0.7805605981358018	2060.0
0.7813041951491191	2050.0
0.7820398904326631	2040.0
0.7827755857162071	2030.0
0.7835204112950482	2020.0
0.7842652368738894	2010.0
0.7850022196859413	2000.0
0.7857392024979932	1990.0
0.7864853744595967	1980.0
0.7872315464212001	1970.0
0.7879699370110856	1960.0
0.7887083276009712	1950.0
0.7894559685743486	1940.0
0.7902036095477261	1930.0
0.7909433318065273	1920.0
0.7916830540653286	1910.0
0.7924325044966338	1900.0
0.7931819549279391	1890.0
0.7939233403824701	1880.0
0.7946647258370012	1870.0
0.7954130824054754	1860.0
0.7961614389739495	1850.0
0.7969097955424237	1840.0
0.7976581521108979	1830.0
0.798406508679372	1820.0
0.7991599247029866	1810.0
0.7999046867077939	1800.0
0.8006494487126012	1790.0
0.8013885809460989	1780.0
0.8021343239463568	1770.0
0.8028921541372177	1760.0
0.8036499843280787	1750.0
0.8043980253187163	1740.0
0.8051460663093539	1730.0
0.80590281472678	1720.0
0.8066595631442062	1710.0
0.8074163115616323	1700.0
0.8081730599790584	1690.0
0.8089298083964845	1680.0
0.8096728681547948	1670.0
0.8104346359410972	1660.0
0.8111964037273997	1650.0
0.8119581715137021	1640.0
0.8127094098152878	1630.0
0.8134737796545811	1620.0
0.8142289400628462	1610.0
0.814989764613332	1600.0
0.8157630030468623	1590.0
0.8165521639231211	1580.0
0.8173161770781097	1570.0
0.8180754418807072	1560.0
0.8188419705900004	1550.0
0.8196030129092545	1540.0
0.8203767765669618	1530.0
0.8211411523863966	1520.0
0.8219055282058314	1510.0
0.8226710438773426	1500.0
0.8234365595488538	1490.0
0.8242107064223695	1480.0
0.8249848532958852	1470.0
0.825759000169401	1460.0
0.8265331470429167	1450.0
0.8272973660384842	1440.0
0.8280736731580777	1430.0
0.8288499802776711	1420.0
0.829630697044618	1410.0
0.830407718732235	1400.0
0.8311847404198519	1390.0
0.8319617621074689	1380.0
0.8327451455921778	1370.0
0.8335285290768868	1360.0
0.8343119125615958	1350.0
0.835090041236707	1340.0
0.8358728378506399	1330.0
0.8366556344645728	1320.0
0.8374453625827525	1310.0
0.8382350907009322	1300.0
0.8390248188191118	1290.0
0.8398146193237652	1280.0
0.8406078558957243	1270.0
0.8414010924676834	1260.0
0.8421957331655989	1250.0
0.8429903738635145	1240.0
0.8437887887052726	1230.0
0.8445872035470308	1220.0
0.8453856183887889	1210.0
0.8461881446653672	1200.0
0.8469906709419455	1190.0
0.8477902993612951	1180.0
0.8485919019088203	1170.0
0.8493935044563454	1160.0
0.8502064916587859	1150.0
0.8510194788612264	1140.0
0.8518270657447655	1130.0
0.8526346526283046	1120.0
0.8534520834730118	1110.0
0.854269514317719	1100.0
0.8550869451624262	1090.0
0.8559043760071334	1080.0
0.856726701219962	1070.0
0.8575490264327905	1060.0
0.8583715441525753	1050.0
0.8591992497672761	1040.0
0.8600269553819769	1030.0
0.8608546609966777	1020.0
0.8616880497341851	1010.0
0.8625214384716925	1000.0
0.8633504084669287	990.0
0.8641874803631465	980.0
0.8650245522593644	970.0
0.865867833657873	960.0
0.8667111150563817	950.0
0.8675587427409874	940.0
0.8684062950144887	930.0
0.86925384728799	920.0
0.8701013995614914	910.0
0.8709590847479128	900.0
0.8718167699343343	890.0
0.8726744551207558	880.0
0.8735371826652989	870.0
0.874399910209842	860.0
0.8752674658889846	850.0
0.8761350215681273	840.0
0.8770080132710495	830.0
0.8778810049739717	820.0
0.8787611901935863	810.0
0.879641375413201	800.0
0.8805215606328156	790.0
0.8814017458524303	780.0
0.8822868093060992	770.0
0.8831813895454019	760.0
0.8840759697847047	750.0
0.884973354191024	740.0
0.8858707385973432	730.0
0.886778154627631	720.0
0.8876855706579188	710.0
0.8885964196708951	700.0
0.8895107690511821	690.0
0.8904287331381463	680.0
0.8913503684522699	670.0
0.8922757417912955	660.0
0.8932049587605898	650.0
0.8941381304286403	640.0
0.8950753340280073	630.0
0.8960166668880892	620.0
0.8969579997481711	610.0
0.8979077863509917	600.0
0.898862005133923	590.0
0.8998208036357763	580.0
0.900784286713552	570.0
0.901752579296061	560.0
0.9027257954413797	550.0
0.9037041011201994	540.0
0.9046876246937926	530.0
0.9056765018808705	520.0
0.9066709135434561	510.0
0.9076710159169905	500.0
0.9086637154260035	490.0
0.909675252533457	480.0
0.9106929880651199	470.0
0.9117170707547478	460.0
0.912747724529248	450.0
0.9137851451085955	440.0
0.9148295524076583	430.0
0.9158811749926081	420.0
0.9169431058301628	410.0
0.9180099338974397	400.0
0.9190847442875287	390.0
0.9201678785505852	380.0
0.9212595838744518	370.0
0.9223602066536736	360.0
0.9234701398032383	350.0
0.9245896285572239	340.0
0.9257191920119235	330.0
0.9268590925859592	320.0
0.9280106921867072	310.0
0.9291728325095316	300.0
0.9303468170725804	290.0
0.9315332052853323	280.0
0.9327325774126601	270.0
0.9339455779651205	260.0
0.9351728877204315	250.0
0.9364152734327769	240.0
0.9376735510867279	230.0
0.9389486095865563	220.0
0.9402414287240112	210.0
0.9415530406565598	200.0
0.9428847030064024	190.0
0.9442377090442479	180.0
0.9456135459418396	170.0
0.9470137776123049	160.0
0.9484405385501983	150.0
0.94989554295373	140.0
0.9513815749519722	130.0
0.9529008826296123	120.0
0.9544572946626252	110.0
0.956053894994716	100.0
0.957695557143874	90.0
0.9593867711171763	80.0
0.9611355179301244	70.0
0.9629474923383442	60.0
0.9648367576788202	50.0
0.9668112151742811	40.0
0.968889020804039	30.0
0.9710967709530489	20.0
0.9734655824161362	10.0
0.976051695995863	0.0
