0.02394830854324873	0.0
0.024152778978902452	0.25
0.02437965828599088	0.5
0.024614508411455873	0.75
0.024776423987732082	1.0
0.025563011914332	1.25
0.02520040428665334	1.5
0.025414972978407658	1.75
0.02563191135893926	2.0
0.02585030683413155	2.25
0.026071057778309096	2.5
0.026293678055637273	2.75
0.026518576748597346	3.0
0.026728658264109594	3.25
0.02695329639969663	3.5
0.027179854328038985	3.75
0.02740806886276565	4.0
0.027637953803073455	4.25
0.027869546920638224	4.5
0.02810301692762326	4.75
0.028338316328548906	5.0
0.028575495565042762	5.25
0.02881427582985923	5.5
0.02905516799496753	5.75
0.029298078626308004	6.0
0.02954287820761305	6.25
0.029789660401673246	6.5
0.030036442595733442	6.75
0.030289282036952643	7.0
0.030542121478171844	7.25
0.030797189645889445	7.5
0.031054454896386783	7.75
0.03131380104153971	8.0
0.03157571886247232	8.25
0.031837636683404925	8.5
0.032105171230657426	8.75
0.032373458111258434	9.0
0.03264396028299675	9.25
0.03291653059779231	9.5
0.03319143957539245	9.75
0.03346891893825643	10.0
0.033747775410162176	10.25
0.03403004357718697	10.5
0.03431443287724458	10.75
0.03460157521210295	11.0
0.03489087531956643	11.25
0.035182855480424706	11.5
0.03547674374541075	11.75
0.0357739131752062	12.0
0.036073468820460676	12.25
0.03637606754541921	12.5
0.036681041096157295	12.75
0.036988735008209137	13.0
0.03729959144159612	13.25
0.037612878970126704	13.5
0.03792898265160202	13.75
0.03824793705179451	14.0
0.03856973422620044	14.25
0.03889449080463515	14.5
0.03922248423863289	14.75
0.03955320109460691	15.0
0.03988694727214351	15.25
0.04022376134085577	15.5
0.04056368092074988	15.75
0.04090674349682248	16.0
0.041252992960660276	16.25
0.041602466188978525	16.5
0.041955204629868646	16.75
0.04231124992054584	17.0
0.04267064464488673	17.25
0.04303343169533516	17.5
0.043399654987258805	17.75
0.043769358921059834	18.0
0.04414258913385794	18.25
0.04451939156091791	18.5
0.04489981330980738	18.75
0.04528620033823119	19.0
0.045674847633844703	19.25
0.04606626302087677	19.5
0.04646157822352233	19.75
0.04686073275637486	20.0
0.047263827561898036	20.25
0.04767178425330623	20.5
0.048082826087717453	20.75
0.048498031369817465	21.0
0.04891732701277001	21.25
0.04934083444724352	21.5
0.04976860987288044	21.75
0.05020168858747076	22.0
0.050638086028861655	22.25
0.05107788580424172	22.5
0.05152317332325953	22.75
0.05197313498392321	23.0
0.05242886316447355	23.25
0.052887996020717684	23.5
0.053351267306882506	23.75
0.05382087199964406	24.0
0.054295903207962425	24.25
0.05477411094502516	24.5
0.05525821372723702	24.75
0.0557476292678587	25.0
0.05624194906388922	25.25
0.056742141807005035	25.5
0.05724652406508925	25.75
0.057751258175965985	26.0
0.05826828238664807	26.25
0.05878866158714271	26.5
0.059318198537517096	26.75
0.05985084957665218	27.0
0.060389159019416334	27.25
0.06093559352309179	27.5
0.06148584247271348	27.75
0.06204267328706059	28.0
0.06260883063974812	28.25
0.06317764356613237	28.5
0.06375519713860253	28.75
0.06433854118177941	29.0
0.06492839000984557	29.25
0.06552490011407622	29.5
0.06612809175881305	29.75
0.06674042582853715	30.0
0.06735868296679844	30.25
0.0679892740179525	30.5
0.06861925524612972	30.75
0.06926280403759232	31.0
0.06991297463963517	31.25
0.07056989444717646	31.5
0.0712345912571593	31.75
0.07190721034412498	32.0
0.0725877945564993	32.25
0.0732762649749698	32.5
0.07397514858990678	32.75
0.07468335945760231	33.0
0.07540114690356878	33.25
0.07613049104582857	33.5
0.07686902172844165	33.75
0.07761843131643377	34.0
0.07837435239630969	34.25
0.07913991548515113	34.5
0.0799153968162706	34.75
0.08070100159733228	35.0
0.08149689686693033	35.25
0.08230322403034109	35.5
0.08312009904028254	35.75
0.08395189634901766	36.0
0.08479635267798045	36.25
0.08565307551998054	36.5
0.08652025383981048	36.75
0.08740644809588907	37.0
0.08830272912961461	37.25
0.08921535091215886	37.5
0.09013764966288002	37.75
0.09107376962154914	38.0
0.09202420302877906	38.25
0.09298940286718044	38.5
0.09396981496979878	38.75
0.09496589220056603	39.0
0.09597808879989886	39.25
0.09700687952616152	39.5
0.09805275730436666	39.75
0.09911622806651096	40.0
0.10019782830165229	40.25
0.101298112691592	40.5
0.10244158176893935	40.75
0.10358053603277396	41.0
0.1047400695958284	41.25
0.10593141863355555	41.5
0.10713362174944653	41.75
0.10835857268994992	42.0
0.1096070747220924	42.25
0.11087995407862532	42.5
0.11217808972280828	42.75
0.11350241231769796	43.0
0.11485392261067981	43.25
0.11624736627749666	43.5
0.11765582323676964	43.75
0.11909487524160567	44.0
0.12056583340672757	44.25
0.12207008359897471	44.5
0.12357433379122179	44.75
0.12518436383450443	45.0
0.12681643689260025	45.25
0.12846863081700197	45.5
0.1301627960504016	45.75
0.1319377044592025	46.0
0.1337240810503118	46.25
0.13558509571064412	46.5
0.13745971233065785	46.75
0.1393092847106839	47.0
0.1413017169375872	47.25
0.14341434470690173	47.5
0.14553815169824263	47.75
0.1477249252713499	48.0
0.15001754639391043	48.25
0.1523805066990659	48.5
0.15483190205958255	48.75
0.15725679139471785	49.0
0.1599032895990882	49.25
0.16263446763062017	49.5
0.16555630647346836	49.75
0.16856237712894645	50.0
0.17174748621170724	50.25
0.17510103648408973	50.5
0.17865056632333	50.75
0.1825200375925573	51.0
0.18666878429901784	51.25
0.19113938006294048	51.5
0.19599317869873992	51.75
0.20116575989614777	52.0
0.2076475647449598	52.25
0.21516653056013266	52.5
0.22195846519230206	52.75
0.23260796494792535	53.0
0.24827812368638572	53.25
0.2536070115482739	53.25
0.2950815952892699	53.0
0.30739514581254174	52.75
0.31957920394711764	52.5
0.32786159868418724	52.25
0.3353573966092552	52.0
0.34292568508330334	51.75
0.35008981628545527	51.5
0.3565391628943231	51.25
0.3626842581688373	51.0
0.3686716481612311	50.75
0.3744107893112557	50.5
0.37995448877827104	50.25
0.385473590841867	50.0
0.39068453484621124	49.75
0.395754868818864	49.5
0.4007036572379125	49.25
0.4055405702943334	49.0
0.41027363741906053	48.75
0.41492611906676696	48.5
0.4195867483014703	48.25
0.42405111765267234	48.0
0.42844537475979516	47.75
0.43276389934802406	47.5
0.43699896478592776	47.25
0.4412920666313111	47.0
0.44551344021079353	46.75
0.44959943109153233	46.5
0.4536255687838051	46.25
0.45768232691774746	46.0
0.46156318676605734	45.75
0.46544190992735673	45.5
0.46934208958924994	45.25
0.4731207621968317	45.0
0.47678321417728403	44.75
0.4805020304472004	44.5
0.48422084671711674	44.25
0.48791452383284895	44.0
0.4915382041989406	43.75
0.4951987446200651	43.5
0.49877907265132293	43.25
0.5023321605404296	43.0
0.5058589618670553	42.75
0.5093604115690146	42.5
0.5128947708787582	42.25
0.5163513543631311	42.0
0.5197846159572568	41.75
0.5231953173206453	41.5
0.5265841872813578	41.25
0.5299519146667565	41.0
0.5332991548358588	40.75
0.5366265317912089	40.5
0.5399346422318133	40.25
0.5432240517318296	40.0
0.5464953012486955	39.75
0.5497488991982356	39.5
0.5529853419717538	39.25
0.5562051092861447	39.0
0.5594498299782639	38.75
0.5626376756511055	38.5
0.565810008422287	38.25
0.568967185547942	38.0
0.5721095215865112	37.75
0.5752372535874593	37.5
0.5783465036431599	37.25
0.5814454474962951	37.0
0.584527784916404	36.75
0.5876041966721741	36.5
0.5906657433410865	36.25
0.5937150798010301	36.0
0.5967532500818729	35.75
0.5997833840600675	35.5
0.6028011301934305	35.25
0.6058068997672518	35.0
0.6088010573026263	34.75
0.6117839211380679	34.5
0.6147557502062624	34.25
0.6177167068110588	34.0
0.6206637176186451	33.75
0.6236021529977768	33.5
0.6265305343788234	33.25
0.6294519602761979	33.0
0.6323646009179718	32.75
0.6352685683989068	32.5
0.6381654754214093	32.25
0.6410528332355391	32.0
0.6439310907766416	31.75
0.646800549129483	31.5
0.6496613835872929	31.25
0.6525127601154177	31.0
0.6553548524744798	30.75
0.6581958576514104	30.5
0.6610199880117431	30.25
0.6638422383175233	30.0
0.666658398551053	29.75
0.6694666684504387	29.5
0.6722674841761183	29.25
0.6750610900719585	29.0
0.6778475691960709	28.75
0.6806263628015782	28.5
0.6834010765130645	28.25
0.6861650271730787	28.0
0.6889260448091997	27.75
0.6916812379103007	27.5
0.6944296903948926	27.25
0.697172136288066	27.0
0.6999083624046665	26.75
0.7026374256328154	26.5
0.705364061834502	26.25
0.708080833723766	26.0
0.7107958778046912	25.75
0.7135045116488415	25.5
0.716207463841948	25.25
0.7189043138496853	25.0
0.7215977266370174	24.75
0.7242846423933351	24.5
0.7269675272760381	24.25
0.7296452418312196	24.0
0.7323172084651717	23.75
0.7349861544380929	23.5
0.7376497413582705	23.25
0.7403087686194673	23.0
0.7429632924457245	22.75
0.7456135415087322	22.5
0.7482605911575619	22.25
0.7509022163019299	22.0
0.75353968903105	21.75
0.756173084028773	21.5
0.7588024784417676	21.25
0.7614279364086154	21.0
0.7640356779946301	20.75
0.7666540892580802	20.5
0.7692687921444777	20.25
0.7718798575704177	20.0
0.7744873560024973	19.75
0.7770912953315626	19.5
0.7796918615816046	19.25
0.7822888905199572	19.0
0.784882796678078	18.75
0.7874734774840465	18.5
0.7900610007205051	18.25
0.7926454359470977	18.0
0.7952268456613947	17.75
0.7977952004251143	17.5
0.8003723049855322	17.25
0.8029466306454416	17.0
0.80551824467644	16.75
0.8080799197928622	16.5
0.8106421065731645	16.25
0.8132057012956457	16.0
0.8157883636094895	15.75
0.8183450858133734	15.5
0.8208950802478565	15.25
0.8234497667453891	15.0
0.8259927367920192	14.75
0.828540776533039	14.5
0.8310870838575404	14.25
0.8336314610106053	14.0
0.8361642912248987	13.75
0.8387035793042418	13.5
0.8412410670363052	13.25
0.8437768285454412	13.0
0.8463031837744318	12.75
0.8488348926549862	12.5
0.8513650669466009	12.25
0.8538937042820058	12.0
0.856421061986316	11.75
0.8589471328883557	11.5
0.861465069010969	11.25
0.8639881594557509	11.0
0.8665102126377322	10.75
0.8690312919498527	10.5
0.8715514923013341	10.25
0.8740717181773945	10.0
0.8765844401396327	9.75
0.8791020175083097	9.5
0.8816190868589091	9.25
0.8841357656556624	9.0
0.8866518852304068	8.75
0.889163101712329	8.5
0.8916788968353487	8.25
0.8941946919583684	8.0
0.8967106195613076	7.75
0.8992125928789992	7.5
0.9017286986682682	7.25
0.9042446854506524	7.0
0.9067606722330366	6.75
0.9092793903050611	6.5
0.9117981083770856	6.25
0.9143179674024208	6.0
0.9168391702367745	5.75
0.9193619144244967	5.5
0.9218864209167785	5.25
0.9244129268724747	5.0
0.9269416907118656	4.75
0.929473004288716	4.5
0.9320071642766834	4.25
0.9345426325456597	4.0
0.9370842899576114	3.75
0.9396278386350652	3.5
0.9421810332176175	3.25
0.944733349509031	3.0
0.9472902896422191	2.75
0.9498533687856195	2.5
0.952423159571247	2.25
0.9549977725573237	2.0
0.9575838413849761	1.75
0.9601800643969167	1.5
0.9633393984036496	1.25
0.9654074290184902	1.0
0.9769079286889348	0.75
0.9766168421400996	0.5
0.9763264398223596	0.25
0.9760516914567513	0.0
