0.02394830854324873	0.0
0.02415742820097289	0.25
0.024344757468315336	0.5
0.024574504740560166	0.75
0.02476562615518204	1.0
0.024971333221195012	1.25
0.025175423112593312	1.5
0.025384522313529563	1.75
0.02559217431011435	2.0
0.025800703292837426	2.25
0.026010219515365748	2.5
0.026221162146114762	2.75
0.02643310433483477	3.0
0.02664604940085327	3.25
0.02686046440999881	3.5
0.02705772257929355	3.75
0.02727057448026725	4.0
0.027484363520965005	4.25
0.02769912315905238	4.5
0.02791487499884804	4.75
0.028131614270309805	5.0
0.02834916635418225	5.25
0.02856806640377097	5.5
0.028787962274189196	5.75
0.029009142604027826	6.0
0.029230984667781325	6.25
0.02945435976839897	6.5
0.029678930392906127	6.75
0.029904735696840056	7.0
0.0301319809577728	7.25
0.030360491780831063	7.5
0.030590219686732496	7.75
0.03082161942308428	8.0
0.03105400284965282	8.25
0.03128751501277044	8.5
0.03152256826264445	8.75
0.031758285479812166	9.0
0.03199582340497203	9.25
0.03223495378037593	9.5
0.03247526700774671	9.75
0.03271724477782964	10.0
0.032960381466109745	10.25
0.03320567480607288	10.5
0.033450968146036014	10.75
0.033699326637708416	11.0
0.03394768512938082	11.25
0.03419604362105322	11.5
0.03444977160944395	11.75
0.03470349959783468	12.0
0.03495929333354127	12.25
0.035215087069247863	12.5
0.035475347824636405	12.75
0.03573560858002495	13.0
0.03599776046954396	13.25
0.03625991235906298	13.5
0.036527047383046914	13.75
0.03679418240703085	14.0
0.03706131743101478	14.25
0.03733381863305303	14.5
0.03760631983509128	14.75
0.03787882103712953	15.0
0.03815647953972933	15.25
0.03843413804232913	15.5
0.038711796544928935	15.75
0.038995555430268086	16.0
0.03927931431560724	16.25
0.03956423860765088	16.5
0.03984916289969453	16.75
0.040142612099154165	17.0
0.0404360612986138	17.25
0.04072683188861486	17.5
0.04102244121551463	17.75
0.04131805054241439	18.0
0.041618670870311396	18.25
0.0419192911982084	18.5
0.042223839365321335	18.75
0.04252838753243427	19.0
0.042836723827311095	19.25
0.04314506012218792	19.5
0.04345927656234155	19.75
0.04377349300249519	20.0
0.04409036338465966	20.25
0.04440723376682413	20.5
0.0447296823915844	20.75
0.045052131016344664	21.0
0.04537899197200924	21.25
0.04570585292767381	21.5
0.04603663904983833	21.75
0.04636904818967544	22.0
0.04670483123136411	22.25
0.04704061427305278	22.5
0.04738151678220103	22.75
0.04772241929134928	23.0
0.048068817301984756	23.25
0.04841521531262023	23.5
0.048764231359835465	23.75
0.0491132474070507	24.0
0.04947091264907425	24.25
0.049828577891097806	24.5
0.05018939157820533	24.75
0.05055344938609698	25.0
0.05091750719398863	25.25
0.05128786201747426	25.5
0.05165821684095989	25.75
0.052033454994094425	26.0
0.05240869314722896	26.25
0.052790520554789576	26.5
0.053172347962350194	26.75
0.0535608372271384	27.0
0.0539493264919266	27.25
0.05434194464056633	27.5
0.05473456278920606	27.75
0.055135213625342794	28.0
0.055535864461479525	28.25
0.05594102408662675	28.5
0.05634618371177398	28.75
0.05675966440296695	29.0
0.057173145094159925	29.25
0.05759143747344595	29.5
0.05800972985273198	29.75
0.05843665157949178	30.0
0.05886357330625158	30.25
0.05929563060867259	30.5
0.059727687911093605	30.75
0.06016870473095229	31.0
0.06060972155081097	31.25
0.06105622096645941	31.5
0.06150272038210784	31.75
0.06195853365327848	32.0
0.062414346924449124	32.25
0.06287601539055343	32.5
0.06333768385665774	32.75
0.06380904728557431	33.0
0.06428041071449088	33.25
0.0647580303088256	33.5
0.06524618964293649	33.75
0.06573434897704739	34.0
0.0662195334054739	34.25
0.0667151515402133	34.5
0.06721076967495271	34.75
0.06771402082956193	35.0
0.06821727198417116	35.25
0.0687307460723112	35.5
0.06924422016045123	35.75
0.06976665248690762	36.0
0.07029428143572039	36.25
0.07082191038453316	36.5
0.07135729535721048	36.75
0.07189268032988781	37.0
0.07243991067585762	37.25
0.07298714102182742	37.5
0.073542876749196	37.75
0.07409861247656459	38.0
0.07467014518323097	38.25
0.07524167788989734	38.5
0.07581445479540334	38.75
0.07639480864811381	39.0
0.07698073756669614	39.25
0.07757232344220542	39.5
0.07816995321406235	39.75
0.07877309900915296	40.0
0.07938670284995768	40.25
0.0800003066907624	40.5
0.08062231441308736	40.75
0.08124432213541231	41.0
0.08188277279385726	41.25
0.08252122345230221	41.5
0.08317424482190136	41.75
0.08382726619150051	42.0
0.08448609222425969	42.25
0.08515202878510057	42.5
0.0858249343931998	42.75
0.08651009466266085	43.0
0.08719525493212191	43.25
0.0878957708343063	43.5
0.0885962867364907	43.75
0.08930478978833863	44.0
0.09001329284018655	44.25
0.09075202245615566	44.5
0.09149075207212476	44.75
0.09222948168809386	45.0
0.09298450876420843	45.25
0.09373953584032299	45.5
0.09450913850068651	45.75
0.09528480273419455	46.0
0.09606956162995836	46.25
0.09686357958011299	46.5
0.09766702806107128	46.75
0.09848840579699189	47.0
0.0993097835329125	47.25
0.10014275063226549	47.5
0.10098518468796407	47.75
0.10183806718971838	48.0
0.10270249145683304	48.25
0.10357708134338535	48.5
0.10447317677150038	48.75
0.10536927219961541	49.0
0.10627759586772324	49.25
0.10719759009491586	49.5
0.10812980297383079	49.75
0.10907452338410895	50.0
0.1100446710940867	50.25
0.11098716942886293	50.5
0.11196893922957751	50.75
0.11296519126581835	51.0
0.11397442831160942	51.25
0.1150131857126419	51.5
0.11605194311367437	51.75
0.11710370788910099	52.0
0.118187203021604	52.25
0.11927069815410701	52.5
0.12037627469449541	52.75
0.12150888645371695	53.0
0.1225822365743952	53.25
0.12374697657435897	53.5
0.12492803800077441	53.75
0.1261157734494135	54.0
0.12732328517447217	54.25
0.12857497837373721	54.5
0.12982658670962152	54.75
0.13110218830320328	55.0
0.13240044711434243	55.25
0.1337221606515311	55.5
0.1350681827000718	55.75
0.1364394183256094	56.0
0.1378661542148904	56.25
0.1392936358884703	56.5
0.1407494826297242	56.75
0.14223492182362665	57.0
0.14375120491101975	57.25
0.14529863502638427	57.5
0.14688108608518324	57.75
0.1484987612117616	58.0
0.15015334153025506	58.25
0.1518466486953485	58.5
0.15358065566836646	58.75
0.15535750593695827	59.0
0.15717953478270946	59.25
0.15904929405927096	59.5
0.16096958122142968	59.75
0.1629434735251292	60.0
0.16497436856358466	60.25
0.16706603262441128	60.5
0.16923459826740694	60.75
0.17146290407841394	61.0
0.17376635164707507	61.25
0.17615101441898975	61.5
0.17862372775651386	61.75
0.18119234394457745	62.0
0.18386593564353082	62.25
0.18665507523653652	62.5
0.1895722011727651	62.75
0.1926321057424635	63.0
0.1959620368840331	63.25
0.19938733084970442	63.5
0.20302687495400124	63.75
0.20691902943508797	64.0
0.21111204832734642	64.25
0.21567195385623894	64.5
0.2206924277759711	64.75
0.22631364147374897	65.0
0.23276031294035998	65.25
0.24042424092763748	65.5
0.2505167862053876	65.75
0.29255392128190394	65.75
0.3113447267828802	65.5
0.3220955772852659	65.25
0.33084966726779275	65.0
0.33848293702869936	64.75
0.34537281925606106	64.5
0.35172252979916735	64.25
0.35765643439598416	64.0
0.3632573057816192	63.75
0.36858419724571634	63.5
0.3736778360731887	63.25
0.37846583846637116	63.0
0.3832044720671216	62.75
0.3877878509145726	62.5
0.39223345829011697	62.25
0.39655570765859277	62.0
0.40076665269402706	61.75
0.40487649817275095	61.5
0.40889397647710674	61.25
0.41282664674951935	61.0
0.41668101404373287	60.75
0.42045076901637674	60.5
0.4241671449316454	60.25
0.42782046417877695	60.0
0.43141479370815616	59.75
0.43495378299979126	59.5
0.43844072196579986	59.25
0.44187858888481396	59.0
0.44527009039502424	58.75
0.4486176951006147	58.5
0.45192366199915307	58.25
0.45519006467156925	58.0
0.4584188112173189	57.75
0.46161166656625874	57.5
0.4647719435589635	57.25
0.4678981624392315	57.0
0.47099302298111395	56.75
0.4740578356839574	56.5
0.47709383352586754	56.25
0.48010214379127525	56.0
0.4830838549188748	55.75
0.48603996830945934	55.5
0.48897143001391213	55.25
0.4918791298227709	55.0
0.4947639093248742	54.75
0.497629263085755	54.5
0.5004706926604245	54.25
0.503291455624807	54.0
0.5060922223929681	53.75
0.508873642770907	53.5
0.5116362873324513	53.25
0.5143807491802744	53.0
0.5171076112958429	52.75
0.5198355366334061	52.5
0.5225126510766679	52.25
0.5251897655199297	52.0
0.5278660155810648	51.75
0.5304973343668843	51.5
0.5331286531527037	51.25
0.5357470660665156	51.0
0.5383499650732279	50.75
0.5409400829593604	50.5
0.5435506366297599	50.25
0.546113050663608	50.0
0.5486628352356799	49.75
0.5512003021667925	49.5
0.5537257619809967	49.25
0.5562506584035504	49.0
0.5587417591665983	48.75
0.5612328599296462	48.5
0.5637130421937302	48.25
0.5661815800922269	48.0
0.5686408420021615	47.75
0.571089913371736	47.5
0.5735383802057062	47.25
0.5759583510471098	47.0
0.5783783218885133	46.75
0.5807886493410089	46.5
0.5831898486263201	46.25
0.5855821131256932	46.0
0.5879656311945207	45.75
0.5903401450578686	45.5
0.5927071501547647	45.25
0.5950741552516609	45.0
0.5974159105316778	44.75
0.5997576658116947	44.5
0.6020994210917116	44.25
0.6044192987299002	44.0
0.6067391763680888	43.75
0.6090512126319764	43.5
0.6113632488958639	43.25
0.6136545405616987	43.0
0.6159458322275334	42.75
0.6182303822131956	42.5
0.6205083178860485	42.25
0.6227796606479279	42.0
0.6250442666391282	41.75
0.6273088726303284	41.5
0.6295557260793926	41.25
0.6318025795284568	41.0
0.6340430988241506	40.75
0.6362836181198444	40.5
0.6385072557320713	40.25
0.6407308933442983	40.0
0.6429490390235271	39.75
0.645161359333034	39.5
0.6473687981637938	39.25
0.6495710358154456	39.0
0.6517681669580333	38.75
0.6539644884117598	38.5
0.6561474670922907	38.25
0.6583304457728215	38.0
0.660507412692131	37.75
0.6626843796114404	37.5
0.664848361152578	37.25
0.6670123426937155	37.0
0.6691715884481444	36.75
0.6713308342025733	36.5
0.6734774370915069	36.25
0.6756240399804404	36.0
0.6777691275910628	35.75
0.679903733157687	35.5
0.6820383387243113	35.25
0.6841687643049633	35.0
0.6862991898856153	34.75
0.688418470114281	34.5
0.6905377503429467	34.25
0.6926568969015815	34.0
0.6947654978863584	33.75
0.6968740988711354	33.5
0.6989814620940671	33.25
0.7010810761512356	33.0
0.7031806902084041	32.75
0.7052748434644474	32.5
0.7073689967204906	32.25
0.7094558953799849	32.0
0.7115427940394792	31.75
0.7136247160502885	31.5
0.7157066380610979	31.25
0.7177817782436553	31.0
0.7198569184262127	30.75
0.721927546026802	30.5
0.7239981736273913	30.25
0.7260624738538983	30.0
0.7281267740804054	29.75
0.7301870090656598	29.5
0.7322472440509142	29.25
0.7343015910514414	29.0
0.7363559380519686	28.75
0.7384066535828581	28.5
0.7404573691137475	28.25
0.7425026240655926	28.0
0.7445478790174378	27.75
0.7465899257326449	27.5
0.7486319724478521	27.25
0.7506688431399251	27.0
0.7527057138319981	26.75
0.7547400853913169	26.5
0.7567744569506356	26.25
0.7588039046063789	26.0
0.7608333522621222	25.75
0.762860712246472	25.5
0.7648880722308218	25.25
0.766910852083091	25.0
0.7689336319353601	24.75
0.7709563117147685	24.5
0.7729747721175387	24.25
0.7749932325203089	24.0
0.7770102324729157	23.75
0.7790272324255224	23.5
0.7810405570485472	23.25
0.7830538816715721	23.0
0.7850660455144491	22.75
0.7870782093573262	22.5
0.789087255948049	22.25
0.7910963025387717	22.0
0.7931044801623091	21.75
0.7951109098360788	21.5
0.7971182727337401	21.25
0.7991256356314015	21.0
0.8011290093127872	20.75
0.8031323829941729	20.5
0.8051370655339394	20.25
0.8071417480737059	20.0
0.8091430072241423	19.75
0.8111442663745788	19.5
0.8131459406950472	19.25
0.8151476150155156	19.0
0.8171489943598194	18.75
0.8191503737041231	18.5
0.8211512891359042	18.25
0.8231522045676852	18.0
0.8251532775261354	17.75
0.8271543504845856	17.5
0.8291573269752508	17.25
0.8311568015139975	17.0
0.8331562760527442	16.75
0.8351604259805443	16.5
0.8371645759083444	16.25
0.8391657516875295	16.0
0.8411669274667146	15.75
0.8431723931895357	15.5
0.8451778589123569	15.25
0.847183324635178	15.0
0.8491901396754887	14.75
0.8511969547157995	14.5
0.8532037697561102	14.25
0.8552145136024837	14.0
0.8572252574488571	13.75
0.8592360012952306	13.5
0.8612504057553687	13.25
0.8632648102155068	13.0
0.8652817268091886	12.75
0.8672986434028703	12.5
0.8693199371978061	12.25
0.8713412309927419	12.0
0.8733654269022927	11.75
0.8753896228118435	11.5
0.8774209849312945	11.25
0.8794523470507455	11.0
0.8814837091701965	10.75
0.8835220940870079	10.5
0.8855604790038193	10.25
0.8876024106615615	10.0
0.8896474839005691	9.75
0.8916958698848485	9.5
0.8937477472659836	9.25
0.8958033027383984	9.0
0.8978632543985118	8.75
0.8999267125252489	8.5
0.9019944574124787	8.25
0.904066716922196	8.0
0.9061437322933634	7.75
0.9082257552724483	7.5
0.9103130313133474	7.25
0.9124060956120579	7.0
0.9145051440513874	6.75
0.9166104701869984	6.5
0.9187224089706219	6.25
0.9208417573889647	6.0
0.9229680722553706	5.75
0.9251022450336649	5.5
0.9272447634786293	5.25
0.9293961586645447	5.0
0.9315570114966327	4.75
0.9337279596146467	4.5
0.93590971221478	4.25
0.938101192339553	4.0
0.940307736219723	3.75
0.9425247594267553	3.5
0.9447615341203183	3.25
0.94700978241085	3.0
0.9492727855787725	2.75
0.9515557031809708	2.5
0.9538564569638405	2.25
0.9561861349496673	2.0
0.9585368122722493	1.75
0.9608856613834722	1.5
0.9633252571807487	1.25
0.9657695987072854	1.0
0.9768522586535696	0.75
0.9765839192088313	0.5
0.9763309785899968	0.25
0.9760516914567513	0.0
