0.02394830854324873	0.0
0.02475581434143345	1.0
0.025555407126327315	2.0
0.026355721831407712	3.0
0.027146974768668772	4.0
0.027948043995202912	5.0
0.028755175472700983	6.0
0.02957106956352325	7.0
0.030396907191303894	8.0
0.03123310016748482	9.0
0.032080551135789365	10.0
0.032939788882463086	11.0
0.03381267682302112	12.0
0.03469898017864691	13.0
0.035599685704178985	14.0
0.036515822463170505	15.0
0.03744859652515367	16.0
0.0383948189887405	17.0
0.03935937354955238	18.0
0.040341467232904965	19.0
0.04134147477039448	20.0
0.04236050801009768	21.0
0.043396318130727446	22.0
0.0444544049089427	23.0
0.04553248126863866	24.0
0.04663097569102172	25.0
0.04775100687668464	26.0
0.04889327060406367	27.0
0.05006250670562075	28.0
0.05125233071372286	29.0
0.052464996866232634	30.0
0.05370462586467432	31.0
0.054969005386021515	32.0
0.05625861975923564	33.0
0.05757729052381625	34.0
0.05892435401783247	35.0
0.060300089467575875	36.0
0.06170656261053369	37.0
0.0631355483982714	38.0
0.06460249320518265	39.0
0.06610518473144557	40.0
0.06763988826683758	41.0
0.06921329688575538	42.0
0.0708206122636607	43.0
0.07246582862420327	44.0
0.07415030583269329	45.0
0.07587546938724117	46.0
0.07764282973566296	47.0
0.07945398703052675	48.0
0.08131064111724172	49.0
0.08321459725193081	50.0
0.08516777699024988	51.0
0.08717222923598346	52.0
0.08923014270021984	53.0
0.09134508005869857	54.0
0.09351726834101234	55.0
0.0957504863798039	56.0
0.09804765283239507	57.0
0.10039036117772694	58.0
0.10282414793728885	59.0
0.10533151674837937	60.0
0.10791763601845351	61.0
0.11058528812790826	62.0
0.11334137448838567	63.0
0.1161901303522418	64.0
0.1191374138796289	65.0
0.12218973164448571	66.0
0.1253543331783601	67.0
0.1286380617874422	68.0
0.13205274277871284	69.0
0.13560736785881933	70.0
0.13931376213646096	71.0
0.14318553936003112	72.0
0.14723848016899868	73.0
0.1514910543740014	74.0
0.15596521821905726	75.0
0.16066640029700907	76.0
0.165663987906094	77.0
0.17097953964502413	78.0
0.17666162772951233	79.0
0.18277327744347402	80.0
0.18939763304498358	81.0
0.19667609826820676	82.0
0.20472993010549553	83.0
0.21382478499181498	84.0
0.22436661048859372	85.0
0.23742031401487354	86.0
0.25533700073158005	87.0
0.3336827016211315	87.0
0.3573988563669538	86.0
0.37495840477087644	85.0
0.38969870593646194	84.0
0.40274515657539744	83.0
0.414644505101907	82.0
0.42567951571873724	81.0
0.43609572798402413	80.0
0.4459881046726113	79.0
0.4554491813390949	78.0
0.4645475396440987	77.0
0.47333612371032247	76.0
0.48188023694689214	75.0
0.4901619736735379	74.0
0.49823632723005046	73.0
0.5061257099650781	72.0
0.5138491332283188	71.0
0.5214228025823276	70.0
0.5288606686964519	69.0
0.5361748609502482	68.0
0.543378007763951	67.0
0.550475605882732	66.0
0.5574778096717875	65.0
0.564392045893628	64.0
0.571224983256387	63.0
0.5779826452606106	62.0
0.584672116183743	61.0
0.5912952556272217	60.0
0.5978591002103771	59.0
0.6043659745971623	58.0
0.6108523404423061	57.0
0.6172573400132755	56.0
0.6236171583895622	55.0
0.6299349008322173	54.0
0.6362117984720678	53.0
0.6424541448202565	52.0
0.6486626313788535	51.0
0.6548397016372395	50.0
0.6609876751156158	49.0
0.6671087611494716	48.0
0.673205071327336	47.0
0.6792786290640209	46.0
0.6853313846879977	45.0
0.6913652213853213	44.0
0.6973819637038813	43.0
0.7033833880487579	42.0
0.7093712261956664	41.0
0.7153469570401328	40.0
0.7213128520600628	39.0
0.7272701853644158	38.0
0.7332203657324136	37.0
0.7391651467111087	36.0
0.7451063961462745	35.0
0.7510454485871809	34.0
0.7569842912941764	33.0
0.7629243083621486	32.0
0.7688674897942251	31.0
0.7748153368385349	30.0
0.7807697962040194	29.0
0.7867324201701179	28.0
0.7927057780491278	27.0
0.7986915341761923	26.0
0.8046918081807439	25.0
0.8107087654862329	24.0
0.816744960852179	23.0
0.8228013670656548	22.0
0.8288839234844267	21.0
0.8349934601465122	20.0
0.8411340968286248	19.0
0.8473089452307037	18.0
0.8535220457363962	17.0
0.8597790234474058	16.0
0.8660816557645528	15.0
0.8724370024607664	14.0
0.878851358148184	13.0
0.8853320004514532	12.0
0.8918874479296386	11.0
0.8985273234352754	10.0
0.9052648576213714	9.0
0.9121143405058161	8.0
0.919094930366688	7.0
0.9262310002463789	6.0
0.9335554676361597	5.0
0.9411107105493949	4.0
0.9489652329918303	3.0
0.9572302828253421	2.0
0.9661053761333412	1.0
0.9760516914567513	0.0
