0.02394830854324873	0.0
0.02416260546435036	0.25
0.024380304684388707	0.5
0.02455013661154712	0.75
0.02474672322947838	1.0
0.0249421946487597	1.25
0.02513629523975001	1.5
0.025329434919185028	1.75
0.02552147792940147	2.0
0.02571316399949116	2.25
0.025904211312583934	2.5
0.026094758074681045	2.75
0.026284878424931872	3.0
0.02647452713102985	3.25
0.026664070546926055	3.5
0.02685333196852595	3.75
0.027042819812872928	4.0
0.02723204599115269	4.25
0.027409946099103834	4.5
0.027597033501746304	4.75
0.02778375823048632	5.0
0.027970651703151973	5.25
0.028157562410680497	5.5
0.0283443270534004	5.75
0.02853109332262839	6.0
0.028717730234047424	6.25
0.028904697393069872	6.5
0.029091615140770955	6.75
0.029278955959631956	7.0
0.029466115280090438	7.25
0.0296534400535572	7.5
0.029840763629816573	7.75
0.030028487678009457	8.0
0.030216146597756698	8.25
0.03040400857908997	8.5
0.03059221488478853	8.75
0.030780475411024064	9.0
0.030969111702232235	9.25
0.031157982201732597	9.5
0.03134702646304565	9.75
0.03153646898116341	10.0
0.03172549657647841	10.25
0.03191535074865056	10.5
0.032105382834286406	10.75
0.0322957232164399	11.0
0.032486672552084574	11.25
0.032677700827279645	11.5
0.03286905715443771	11.75
0.0330607491484524	12.0
0.03325278420513189	12.25
0.033445169518466086	12.5
0.0336379120836582	12.75
0.033831018703176195	13.0
0.03402449599350959	13.25
0.03421868045634335	13.5
0.034413656478235674	13.75
0.034608506812567275	14.0
0.03480344620461858	14.25
0.03499882137237306	14.5
0.03519443660046168	14.75
0.03539063125610448	15.0
0.03558724647693551	15.25
0.03578433120015558	15.5
0.03598216286145897	15.75
0.03618008723162432	16.0
0.03637844564698993	16.25
0.03657725342426187	16.5
0.036776910828644344	16.75
0.0369765747177089	17.0
0.03717685746964213	17.25
0.037377471116650955	17.5
0.03757897679570418	17.75
0.037780460472013735	18.0
0.03798194414832329	18.25
0.038185754377314175	18.5
0.03838956460630506	18.75
0.03859231212277936	19.0
0.03879505963925366	19.25
0.038999290091326605	19.5
0.03920352054339955	19.75
0.0394077509954725	20.0
0.039616220006257745	20.25
0.039822547774827265	20.5
0.04003107474669783	20.75
0.04023879336953208	21.0
0.04044651199236633	21.25
0.04065560177387862	21.5
0.04086469155539091	21.75
0.041073781336903196	22.0
0.04128467385077018	22.25
0.04149556636463716	22.5
0.04170645887850414	22.75
0.041918631041191534	23.0
0.04213080320387893	23.25
0.042342975366566324	23.5
0.04255751323951602	23.75
0.04277205111246572	24.0
0.04298619660995859	24.25
0.04320034210745145	24.5
0.043417016319999176	24.75
0.04363083774080494	25.0
0.0438446591616107	25.25
0.04406532184054962	25.5
0.04428598451948854	25.75
0.044502088006778455	26.0
0.04471819149406837	26.25
0.04494059937577365	26.5
0.04516300725747894	26.75
0.045382490816384	27.0
0.04560197437528906	27.25
0.04582595298188599	27.5
0.046049931588482924	27.75
0.04627182823930231	28.0
0.04649372489012169	28.25
0.04672017229553066	28.5
0.04694661970093963	28.75
0.04717092301487722	29.0
0.047395226328814814	29.25
0.047624145170351205	29.5
0.047853064011887596	29.75
0.048079891599890005	30.0
0.048306719187892415	30.25
0.04853810540681831	30.5
0.04876949162574421	30.75
0.04900087784467011	31.0
0.0492301849821216	31.25
0.049459492119573095	31.5
0.04969474566244583	31.75
0.04992999920531857	32.0
0.05016189094492075	32.25
0.050393782684522936	32.5
0.050631702468541206	32.75
0.05086962225255948	33.0
0.05110409650041922	33.25
0.05133857074827897	33.5
0.05157913362662695	33.75
0.051819696504974935	34.0
0.05205837977730208	34.25
0.05229706304962922	34.5
0.052535746321956366	34.75
0.05278006502228497	35.0
0.05302438372261357	35.25
0.05326870242294217	35.5
0.053507859138382206	35.75
0.05375182646413612	36.0
0.053995793789890036	36.25
0.05423976111564395	36.5
0.05448787175107236	36.75
0.054735982386500764	37.0
0.05498409302192917	37.25
0.05523220365735758	37.5
0.055480314292785986	37.75
0.05572842492821439	38.0
0.0559765355636428	38.25
0.056229959918222557	38.5
0.05648338427280231	38.75
0.05673680862738207	39.0
0.056990232981961826	39.25
0.05724365733654158	39.5
0.05749708169112134	39.75
0.05775090549801811	40.0
0.05800472930491488	40.25
0.05826369708034969	40.5
0.058522664855784494	40.75
0.058779428578112365	41.0
0.059036192300440236	41.25
0.05929811956994347	41.5
0.059560046839446705	41.75
0.059819791783848726	42.0
0.06007953672825075	42.25
0.06034446498942355	42.5
0.060609393250596354	42.75
0.060872161070642083	43.0
0.06113492889068781	43.25
0.061402899952719775	43.5
0.06167087101475174	43.75
0.06193670369989655	44.0
0.06220253638504137	44.25
0.062473592417011226	44.5
0.06274464844898109	44.75
0.06301358837249892	45.0
0.06328252829601674	45.25
0.06355671236521934	45.5
0.06383089643442194	45.75
0.06410298650306527	46.0
0.0643750765717086	46.25
0.0646524305852372	46.5
0.0649297845987658	46.75
0.06520506775581864	47.0
0.06548035091287147	47.25
0.06576091885123053	47.5
0.0660414867895896	47.75
0.06632000689504602	48.0
0.06659852700050245	48.25
0.06688235294626067	48.5
0.0671661788920189	48.75
0.06744798032751552	49.0
0.06772978176301214	49.25
0.06801691039501867	49.5
0.0683040390270252	49.75
0.06858916679464473	50.0
0.06887429456226427	50.25
0.06916477120375898	50.5
0.0694552478452537	50.75
0.06974374761601385	51.0
0.070032247386774	51.25
0.07032611805426846	51.5
0.07061998872176292	51.75
0.07091190688499675	52.0
0.07120382504823058	52.25
0.07150113650140846	52.5
0.07179844795458634	52.75
0.0720938316684712	53.0
0.07238921538235607	53.25
0.07269001517524659	53.5
0.07299081496813711	53.75
0.07328971221162295	54.0
0.07358860945510878	54.25
0.07389294598878858	54.5
0.07419728252246838	54.75
0.07449974214886057	55.0
0.07480220177525276	55.25
0.07511012521144021	55.5
0.07541804864762766	55.75
0.07572412042943545	56.0
0.07603019221124324	56.25
0.0763417518044762	56.5
0.07665331139770915	56.75
0.0769648709909421	57.0
0.0772813187009745	57.25
0.07759430810986362	57.5
0.07790729751875274	57.75
0.07822028692764185	58.0
0.07853327633653097	58.25
0.07885558193787084	58.5
0.07917788753921072	58.75
0.079491856419025	59.0
0.07980582529883927	59.25
0.08013192955511012	59.5
0.08045803381138096	59.75
0.0807841380676518	60.0
0.08109935772063853	60.25
0.08142376267202701	60.5
0.0817481676234155	60.75
0.08207257257480398	61.0
0.08239697752619246	61.25
0.08273111752116187	61.5
0.08306525751613128	61.75
0.08339939751110069	62.0
0.08372195661216028	62.25
0.0840542224973303	62.5
0.08438648838250032	62.75
0.08471875426767034	63.0
0.08505102015284036	63.25
0.08539331054351454	63.5
0.08573560093418872	63.75
0.0860778913248629	64.0
0.08640825871175213	64.25
0.0867486208870113	64.5
0.08708898306227046	64.75
0.08742934523752963	65.0
0.08776970741278879	65.25
0.08812039879154411	65.5
0.08847109017029943	65.75
0.08882178154905475	66.0
0.08916019008147334	66.25
0.08950889649765637	66.5
0.08985760291383939	66.75
0.09020630933002241	67.0
0.09055501574620543	67.25
0.09091437302330452	67.5
0.0912737303004036	67.75
0.09163308757750269	68.0
0.0919797825162113	68.25
0.0923370951995209	68.5
0.09269440788283048	68.75
0.09305172056614007	69.0
0.09340903324944966	69.25
0.09377733747379553	69.5
0.09414564169814141	69.75
0.09450411707346829	70.0
0.09486259244879516	70.25
0.09523538219257605	70.5
0.09560817193635693	70.75
0.09598096168013781	71.0
0.09634077539389281	71.25
0.09671152382163217	71.5
0.09708227224937153	71.75
0.0974530206771109	72.0
0.09782376910485026	72.25
0.09820606107162845	72.5
0.09858835303840664	72.75
0.09896032570010956	73.0
0.09933229836181247	73.25
0.09971930564429599	73.5
0.1001063129267795	73.75
0.10049332020926302	74.0
0.10086671077384987	74.25
0.10125158239089713	74.5
0.10163645400794438	74.75
0.1020015229946684	75.0
0.10238960200817611	75.25
0.10277768102168382	75.5
0.10316576003519153	75.75
0.10355383904869923	76.0
0.10395515588996788	76.25
0.10435647273123654	76.5
0.1047449490500463	76.75
0.10513342536885607	77.0
0.10554019828916643	77.25
0.10594697120947678	77.5
0.10634052335265537	77.75
0.10673407549583395	78.0
0.10714596598822758	78.25
0.1075578564806212	78.5
0.10796974697301483	78.75
0.1083638406052139	79.0
0.10877241339656701	79.25
0.10918098618792013	79.5
0.10958955897927325	79.75
0.10999813177062637	80.0
0.11041993710105047	80.25
0.11084174243147457	80.5
0.11125091673303472	80.75
0.11166009103459487	81.0
0.11208813252549037	81.25
0.11251617401638586	81.5
0.11293083104264919	81.75
0.11334548806891251	82.0
0.11377906062515769	82.25
0.11421263318140287	82.5
0.11464620573764805	82.75
0.11506190952495611	83.0
0.11549235612315806	83.25
0.11592280272136	83.5
0.11635324931956195	83.75
0.1167836959177639	84.0
0.11722848440927452	84.25
0.11767327290078515	84.5
0.11810526361130261	84.75
0.11853725432182007	85.0
0.1189879341886717	85.25
0.11943861405552335	85.5
0.11987656666080114	85.75
0.12031451926607893	86.0
0.12077121988035218	86.25
0.12122792049462543	86.5
0.12168462110889867	86.75
0.12212464764037967	87.0
0.12257887737234194	87.25
0.1230331071043042	87.5
0.12348733683626648	87.75
0.12394156656822874	88.0
0.12441146520276238	88.25
0.124881363837296	88.5
0.1253372926489951	88.75
0.1257932214606942	89.0
0.1262695740784162	89.25
0.12674592669613824	89.5
0.1272083950373232	89.75
0.12767086337850816	90.0
0.12815382730450922	90.25
0.12863679123051028	90.5
0.12911975515651133	90.75
0.12958261056656156	91.0
0.13006290948183205	91.25
0.13054320839710254	91.5
0.13102350731237303	91.75
0.13150380622764352	92.0
0.13200138648450388	92.25
0.13249896674136424	92.5
0.1329811561709339	92.75
0.13346334560050355	93.0
0.13396806832147523	93.25
0.13447279104244692	93.5
0.13496222894511004	93.75
0.13545166684777316	94.0
0.13596372739396545	94.25
0.13647578794015774	94.5
0.1369726777579943	94.75
0.13746956757583084	95.0
0.13798917506172084	95.25
0.13850878254761084	95.5
0.13902839003350084	95.75
0.13952832773816123	96.0
0.1400452760423479	96.25
0.14056222434653456	96.5
0.14107917265072123	96.75
0.1415961209549079	97.0
0.14213294056972892	97.25
0.14266976018454994	97.5
0.14318891378043885	97.75
0.14370806737632777	98.0
0.14425314441722684	98.25
0.1447982214581259	98.5
0.14532577599481242	98.75
0.14585333053149893	99.0
0.14640692994686594	99.25
0.14696052936223294	99.5
0.1474967619564317	99.75
0.14803299455063043	100.0
0.1485954022718243	100.25
0.14915780999301817	100.5
0.14972021771421204	100.75
0.15026023116717738	101.0
0.1508197491510184	101.25
0.1513792671348594	101.5
0.15193878511870043	101.75
0.15249830310254145	102.0
0.1530812316033297	102.25
0.15366416010411796	102.5
0.154226324384116	102.75
0.15478848866411402	103.0
0.15538121449129466	103.25
0.1559739403184753	103.5
0.15654610535952615	103.75
0.157118270400577	104.0
0.15772116928852498	104.25
0.15832406817647296	104.5
0.15890662918705037	104.75
0.15948919019762778	105.0
0.16010267182753354	105.25
0.1607161534574393	105.5
0.16132963508734507	105.75
0.1619170891548796	106.0
0.16252743374929338	106.25
0.16313777834370716	106.5
0.16374812293812094	106.75
0.16435846753253472	107.0
0.1649972914702935	107.25
0.16563611540805226	107.5
0.16624975833719416	107.75
0.16686340126633606	108.0
0.1675066528305131	108.25
0.16814990439469016	108.5
0.16876252889871088	108.75
0.1693751534027316	109.0
0.17005103273581362	109.25
0.17072691206889565	109.5
0.1713524652575713	109.75
0.17197801844624697	110.0
0.17266706486286348	110.25
0.17325827116955772	110.5
0.17392310213097403	110.75
0.17458793309239035	111.0
0.17525276405380666	111.25
0.17591759501522297	111.5
0.17661724527473818	111.75
0.1773168955342534	112.0
0.17798591989621707	112.25
0.17865494425818074	112.5
0.17936951711711854	112.75
0.18008408997605635	113.0
0.18076849833459596	113.25
0.18145290669313557	113.5
0.18218324973770958	113.75
0.18291359278228358	114.0
0.18361429156879994	114.25
0.1843149903553163	114.5
0.18506205513520518	114.75
0.18580911991509408	115.0
0.18655618469498297	115.25
0.1872662801571581	115.5
0.18800997595033203	115.75
0.18875367174350596	116.0
0.1894973675366799	116.25
0.19024106332985383	116.5
0.19103147802181092	116.75
0.191821892713768	117.0
0.19257140138481915	117.25
0.1933209100558703	117.5
0.19413163942073405	117.75
0.1949423687855978	118.0
0.19571301371824215	118.25
0.1964836586508865	118.5
0.19731619834676575	118.75
0.19814873804264502	119.0
0.1989421443362532	119.25
0.1997355506298614	119.5
0.20059162569463004	119.75
0.2014477007593987	120.0
0.20230377582416734	120.25
0.20311227539548726	120.5
0.20396536846522673	120.75
0.2048184615349662	121.0
0.20567155460470565	121.25
0.20656525227907627	121.5
0.20745894995344688	121.75
0.2083526476278175	122.0
0.2092463453021881	122.25
0.21014004297655872	122.5
0.21103374065092934	122.75
0.21192743832529995	123.0
0.21288915324026622	123.25
0.2138508681552325	123.5
0.21481258307019876	123.75
0.21572188511607868	124.0
0.21668401906519213	124.25
0.2176461530143056	124.5
0.21860828696341905	124.75
0.2196276153423977	125.0
0.22064694372137633	125.25
0.22166627210035497	125.5
0.2226856004793336	125.75
0.22370492885831225	126.0
0.2247242572372909	126.25
0.22574358561626953	126.5
0.2268676221599388	126.75
0.22799165870360807	127.0
0.22904453688700063	127.25
0.2300974150703932	127.5
0.23120797881957048	127.75
0.23231854256874776	128.0
0.23342910631792504	128.25
0.2346580385758099	128.5
0.23584004702197103	128.75
0.23702205546813215	129.0
0.23820406391429327	129.25
0.23948931206110563	129.5
0.240774560207918	129.75
0.24205980835473034	130.0
0.2433450565015427	130.25
0.24463030464835506	130.5
0.2459155527951674	130.75
0.24733160807709856	131.0
0.2487476633590297	131.25
0.2501637186409609	131.5
0.25157977392289205	131.75
0.2529958292048232	132.0
0.2545665006553427	132.25
0.2561371721058622	132.5
0.25770784355638165	132.75
0.25927851500690113	133.0
0.26096569744116516	133.25
0.2626528798754292	133.5
0.2643400623096932	133.75
0.2660272447439572	134.0
0.2681010898636466	134.25
0.270174934983336	134.5
0.2722487801030254	134.75
0.2743226252227148	135.0
0.2764788918508958	135.25
0.2786351584790768	135.5
0.28079142510725785	135.75
0.28371195044178377	136.0
0.2866324757763097	136.25
0.2903526800913794	136.5
0.2951432297097682	136.75
0.3010299442482609	137.0
0.3364017537741294	137.0
0.3370768343961239	136.75
0.3347987124220465	136.5
0.3421581244490349	136.25
0.3480583175458848	136.0
0.3539585106427347	135.75
0.35783376524117294	135.5
0.3617090198396112	135.25
0.3655842744380494	135.0
0.3681491657784697	134.75
0.37071405711888994	134.5
0.3732789484593102	134.25
0.37584383979973046	134.0
0.3781762871039179	133.75
0.3805087344081053	133.5
0.3828411817122927	133.25
0.3851736290164801	133.0
0.3871615210715054	132.75
0.38914941312653073	132.5
0.39113730518155604	132.25
0.39312519723658135	132.0
0.39494240503325084	131.75
0.39675961282992034	131.5
0.39857682062658983	131.25
0.40039402842325933	131.0
0.4022112362199288	130.75
0.4038498363143212	130.5
0.40548843640871357	130.25
0.40712703650310594	130.0
0.4087656365974983	129.75
0.4104042366918907	129.5
0.41204283678628306	129.25
0.41356150549746984	129.0
0.4150801742086566	128.75
0.4165988429198434	128.5
0.41785561142229133	128.25
0.4194500221846353	128.0
0.42104443294697924	127.75
0.4226388437093232	127.5
0.42400807454197875	127.25
0.4253773053746343	127.0
0.4268272584025204	126.75
0.4282772114304065	126.5
0.4296139599608891	126.25
0.4309507084913717	126.0
0.4322874570218543	125.75
0.4336242055523369	125.5
0.4349609540828195	125.25
0.4362977026133021	125.0
0.4376344511437847	124.75
0.4389143703164621	124.5
0.44019428948913947	124.25
0.44147420866181686	124.0
0.44269927736214126	123.75
0.4439803348514821	123.5
0.4452613923408229	123.25
0.4465424498301637	123.0
0.44775608320022936	122.75
0.448969716570295	122.5
0.45018334994036063	122.25
0.45139698331042627	122.0
0.4526106166804919	121.75
0.45382425005055754	121.5
0.4550378834206232	121.25
0.4562144284254782	121.0
0.45739097343033325	120.75
0.4585675184351883	120.5
0.45970844850767184	120.25
0.46088540343749634	120.0
0.46206235836732085	119.75
0.46323931329714535	119.5
0.4643647074754527	119.25
0.4654901016537601	119.0
0.4666463828393282	118.75
0.4678026640248963	118.5
0.46890832830427176	118.25
0.47001399258364723	118.0
0.4711515723239351	117.75
0.472289152064223	117.5
0.47337693518714125	117.25
0.4744647183100595	117.0
0.47558530575591795	116.75
0.4767058932017764	116.5
0.4777886179184532	116.25
0.4788713426351299	116.0
0.4799540673518067	115.75
0.48103679206848343	115.5
0.482096098207536	115.25
0.4831798356797826	115.0
0.4842635731520292	114.75
0.48534731062427583	114.5
0.4863976901475529	114.25
0.48744806967083	114.0
0.4885188570660423	113.75
0.48958964446125464	113.5
0.4906275899128412	113.25
0.4916655353644278	113.0
0.49272443720214965	112.75
0.4937833390398715	112.5
0.49480986175168534	112.25
0.4958363844634992	112.0
0.49688435268347164	111.75
0.4979323209034441	111.5
0.4989556341964856	111.25
0.4999789474895271	111.0
0.5010022607825686	110.75
0.5020255740756101	110.5
0.5030465080597928	110.25
0.5040573309207398	110.0
0.5050814502875298	109.75
0.5061055696543199	109.5
0.5071074665857355	109.25
0.5081093635171511	109.0
0.5091248954712092	108.75
0.5101404274252673	108.5
0.5111625926765003	108.25
0.5121847579277333	108.0
0.5131735632999872	107.75
0.5141623686722411	107.5
0.5151661663603561	107.25
0.516169964048471	107.0
0.5171565654736169	106.75
0.5181431668987627	106.5
0.5191297683239086	106.25
0.5201163697490544	106.0
0.5210918558579899	105.75
0.5220791160937015	105.5
0.5230663763294131	105.25
0.5240536365651247	105.0
0.5250251901263476	104.75
0.5259967436875705	104.5
0.5269780031873753	104.25
0.5279592626871801	104.0
0.5289250363540389	103.75
0.5298908100208977	103.5
0.5308665177133733	103.25
0.531842225405849	103.0
0.5328026522522958	102.75
0.5337630790987427	102.5
0.5347336507326014	102.25
0.5357042223664601	102.0
0.5366631533092932	101.75
0.5376220842521262	101.5
0.5385810151949593	101.25
0.5395399461377923	101.0
0.5404915530346937	100.75
0.5414508337960803	100.5
0.5424101145574669	100.25
0.5433693953188535	100.0
0.5443182549309957	99.75
0.5452671145431379	99.5
0.5462223502164643	99.25
0.5471775858897906	99.0
0.5481225577399781	98.75
0.5490675295901656	98.5
0.5500190384566033	98.25
0.550970547323041	98.0
0.5519119401448297	97.75
0.5528533329666184	97.5
0.5538014134396133	97.25
0.5547494939126082	97.0
0.5556898753052236	96.75
0.556630256697839	96.5
0.5575706380904545	96.25
0.5585110194830699	96.0
0.5594469383084506	95.75
0.560387373354779	95.5
0.5613278084011073	95.25
0.5622682434474356	95.0
0.5632021974732959	94.75
0.5641361514991562	94.5
0.5650739576465783	94.25
0.5660117637940004	94.0
0.5669432070648918	93.75
0.5678746503357831	93.5
0.568810065851138	93.25
0.569745481366493	93.0
0.5706746460993557	92.75
0.5716038108322185	92.5
0.5725370614489733	92.25
0.5734703120657282	92.0
0.5743988173065316	91.75
0.5753273225473351	91.5
0.5762558277881386	91.25
0.577184333028942	91.0
0.5781131859531691	90.75
0.5790416846931483	90.5
0.5799701834331276	90.25
0.5808986821731068	90.0
0.5818233204225084	89.75
0.58274795867191	89.5
0.5836749098563491	89.25
0.5846018610407882	89.0
0.5855250445678626	88.75
0.586448228094937	88.5
0.5873738184505746	88.25
0.5882994088062121	88.0
0.5892221532561138	87.75
0.5901448977060155	87.5
0.5910676421559172	87.25
0.5919903866058189	87.0
0.5929120511944617	86.75
0.5938345672626404	86.5
0.5947570833308191	86.25
0.5956795993989978	86.0
0.5966003716483798	85.75
0.5975211438977617	85.5
0.598442815743789	85.25
0.5993644875898163	85.0
0.6002844946506224	84.75
0.6012045017114285	84.5
0.602125488243505	84.25
0.6030464747755815	84.0
0.6039662253889487	83.75
0.604885976002316	83.5
0.6058057266156832	83.25
0.6067254772290505	83.0
0.6076481692730584	82.75
0.6085661517514525	82.5
0.6094841342298465	82.25
0.6104021167082405	82.0
0.6113228341067818	81.75
0.6122435515053231	81.5
0.6131612941022792	81.25
0.6140790366992352	81.0
0.6149995830475354	80.75
0.6159201293958356	80.5
0.6168390878458141	80.25
0.6177580462957926	80.0
0.6186771760767692	79.75
0.6195963058577458	79.5
0.6205154356387225	79.25
0.6214345654196991	79.0
0.622358970683481	78.75
0.6232755786218597	78.5
0.6241921865602383	78.25
0.625108794498617	78.0
0.6260308747709802	77.75
0.6269529550433434	77.5
0.6278698564608054	77.25
0.6287867578782674	77.0
0.6297091918719254	76.75
0.6306316258655834	76.5
0.6315496527360729	76.25
0.6324676796065624	76.0
0.6333886753632852	75.75
0.6343096711200081	75.5
0.635230666876731	75.25
0.6361516626334539	75.0
0.6371105538899563	74.75
0.6380313695511015	74.5
0.6389521852122467	74.25
0.6398756525763257	74.0
0.6407957096447492	73.75
0.6417157667131727	73.5
0.6426358237815961	73.25
0.6435591729207508	73.0
0.6444825220599055	72.75
0.645403462148691	72.5
0.6463244022374766	72.25
0.6472479077557557	72.0
0.6481714132740348	71.75
0.649094918792314	71.5
0.6500184243105931	71.25
0.6509454186373863	71.0
0.6518680057462752	70.75
0.6527905928551642	70.5
0.6537131799640531	70.25
0.6546401521689539	70.0
0.6555671243738547	69.75
0.6564909347869203	69.5
0.657414745199986	69.25
0.6583419606741782	69.0
0.6592691761483703	68.75
0.6601963916225625	68.5
0.6611236070967547	68.25
0.6620548322100264	68.0
0.6629811191937115	67.75
0.6639074061773966	67.5
0.6648336931610818	67.25
0.6657639350420215	67.0
0.6666941769229612	66.75
0.6676244188039009	66.5
0.6685546606848406	66.25
0.6694894589180624	66.0
0.6704186634378889	65.75
0.6713478679577154	65.5
0.6722770724775419	65.25
0.6732107787047413	65.0
0.6741444849319408	64.75
0.6750781911591403	64.5
0.6760118973863397	64.25
0.676950708208755	64.0
0.6778832669403295	63.75
0.678815825671904	63.5
0.6797483844034785	63.25
0.6806859927683462	63.0
0.6816236011332139	62.75
0.6825612094980815	62.5
0.6834988178629492	62.25
0.6844420847849797	62.0
0.6853784334032519	61.75
0.6863147820215241	61.5
0.6872511306397963	61.25
0.6881930821124574	61.0
0.6891350335851186	60.75
0.6900769850577798	60.5
0.691018936530441	60.25
0.691967263710649	60.0
0.6929077637052462	59.75
0.6938482636998434	59.5
0.6947887636944406	59.25
0.6957376018220481	59.0
0.6966864399496556	58.75
0.6976293815117007	58.5
0.6985723230737458	58.25
0.6995217032179967	58.0
0.7004710833622475	57.75
0.7014204635064983	57.5
0.7023698436507492	57.25
0.7033029518215491	57.0
0.7042571732161278	56.75
0.7052113946107065	56.5
0.7061656160052852	56.25
0.7071163086742168	56.0
0.7080670013431485	55.75
0.7090240023714969	55.5
0.7099810033998453	55.25
0.7109345359939082	55.0
0.7118880685879712	54.75
0.7128479707883403	54.5
0.7138078729887094	54.25
0.7147643664876949	54.0
0.7157208599866804	53.75
0.7166837840034831	53.5
0.7176467080202857	53.25
0.7186062858431245	53.0
0.7195658636659632	52.75
0.720531934223338	52.5
0.7214980047807129	52.25
0.7224607930903091	52.0
0.7234235813999053	51.75
0.7243929261130228	51.5
0.7253622708261402	51.25
0.726328398829699	51.0
0.7272945268332578	50.75
0.7282672765173382	50.5
0.7292400262014187	50.25
0.7302096264689384	50.0
0.7311792267364581	49.75
0.7321555157351016	49.5
0.7331318047337452	49.25
0.7341050135370436	49.0
0.735078222340342	48.75
0.7360581888756649	48.5
0.7370381554109877	48.25
0.7380151130858987	48.0
0.7389920707608097	47.75
0.7399758573081696	47.5
0.7409596438555295	47.25
0.7419404951902163	47.0
0.7429213465249032	46.75
0.743909100215337	46.5
0.7448968539057708	46.25
0.7458817484701656	46.0
0.7468666430345605	45.75
0.7478585153147054	45.5
0.7488503875948502	45.25
0.7498394809584128	45.0
0.7508285743219754	44.75
0.7518247249206828	44.5
0.7528208755193901	44.25
0.7538143282959552	44.0
0.7548077810725202	43.75
0.7558083729877915	43.5
0.7568089649030627	43.25
0.7578069442249054	43.0
0.758804923546748	42.75
0.7598101272491994	42.5
0.7608153309516508	42.25
0.7618180108715819	42.0
0.7628206907915129	41.75
0.7638306839792761	41.5
0.7648406771670393	41.25
0.7658482392920686	41.0
0.7668558014170979	40.75
0.7678707696790354	40.5
0.768885737940973	40.25
0.7698983721371739	40.0
0.7709110063333748	39.75
0.7719313255719914	39.5
0.772951644810608	39.25
0.7739719640492245	39.0
0.7749922832878411	38.75
0.7760126025264577	38.5
0.7770329217650742	38.25
0.7780621390929211	38.0
0.779091356420768	37.75
0.7801205737486149	37.5
0.7811497910764618	37.25
0.7821790084043087	37.0
0.7832082257321555	36.75
0.7842374430600024	36.5
0.785275675585119	36.25
0.7863139081102356	36.0
0.7873521406353522	35.75
0.7883936661378314	35.5
0.7894348675776538	35.25
0.7904760690174762	35.0
0.7915172704572987	34.75
0.792565723718932	34.5
0.7936141769805652	34.25
0.7946626302421985	34.0
0.7957143466463454	33.75
0.7967660630504924	33.5
0.797821153736481	33.25
0.7988762444224696	33.0
0.7999347398761877	32.75
0.8009932353299057	32.5
0.8020551801123968	32.25
0.803117124894888	32.0
0.8041828039648775	31.75
0.8052484830348671	31.5
0.8063176601656359	31.25
0.8073868372964047	31.0
0.8084603158287348	30.75
0.8095337943610649	30.5
0.810607272893395	30.25
0.8116874065423483	30.0
0.8127675401913016	29.75
0.8138487635323352	29.5
0.8149299868733687	29.25
0.8160181733685672	29.0
0.8171063598637657	28.75
0.8181957719375185	28.5
0.8192851840112713	28.25
0.8203816764135005	28.0
0.8214781688157297	27.75
0.8225762289742861	27.5
0.8236742891328425	27.25
0.8247795760687857	27.0
0.825884863004729	26.75
0.8269919381610005	26.5
0.828099013317272	26.25
0.8292134644097957	26.0
0.8303279155023194	25.75
0.8314445348836682	25.5
0.832561154265017	25.25
0.8336852746263607	25.0
0.8348093949877043	24.75
0.8359341533344	24.5
0.8370652564375475	24.25
0.8381963595406949	24.0
0.8393314626772832	23.75
0.8404665658138715	23.5
0.8416086731857233	23.25
0.8427507805575751	23.0
0.843892887929427	22.75
0.8450440944928911	22.5
0.8461953010563552	22.25
0.8473465076198193	22.0
0.8485062382986251	21.75
0.849665968977431	21.5
0.8508256996562368	21.25
0.8519948208625441	21.0
0.8531639420688514	20.75
0.8543362415313407	20.5
0.8555118503651905	20.25
0.8566890779130355	20.0
0.8578736748128062	19.75
0.8590582717125769	19.5
0.8602428686123476	19.25
0.8614396662302282	19.0
0.8626364638481088	18.75
0.86383529147489	18.5
0.8650341191016713	18.25
0.8662450149779852	18.0
0.8674559108542992	17.75
0.8686767664909297	17.5
0.8698954189002681	17.25
0.8711178820543932	17.0
0.8723446780106953	16.75
0.87357564731328	16.5
0.8748108693403456	16.25
0.8760504259619004	16.0
0.8772943832428145	15.75
0.8785428886095177	15.5
0.879795993045946	15.25
0.8810538236755153	15.0
0.8823164279829838	14.75
0.8835846899226634	14.5
0.8848572132005824	14.25
0.8861348495841382	14.0
0.8874177130291484	13.75
0.8887059219947061	13.5
0.8899995997096389	13.25
0.8912988744518106	13.0
0.8926038798502509	12.75
0.8939147552159451	12.5
0.895231645895847	12.25
0.8965547036570702	12.0
0.8978840871034902	11.75
0.899219962128106	11.5
0.9005625024058107	11.25
0.9019118899274613	11.0
0.903268315589234	10.75
0.9046319798288869	10.5
0.90600309328443	10.25
0.9073818778239509	10.0
0.908768319253045	9.75
0.9101631660667975	9.5
0.9115664241708015	9.25
0.9129783687169618	9.0
0.9143992910913117	8.75
0.9158295003216935	8.5
0.917269324627621	8.25
0.9187191133146277	8.0
0.9201791474114659	7.75
0.9216500115219821	7.5
0.9231320348127372	7.25
0.9246256728705414	7.0
0.9261313818234773	6.75
0.927649758793346	6.5
0.9291813236631757	6.25
0.9307269048690383	6.0
0.93228677433515	5.75
0.9338618544928524	5.5
0.9354528661310039	5.25
0.9370608332005687	5.0
0.9386866306879147	4.75
0.9403312940909776	4.5
0.9419960201005755	4.25
0.9436814108969496	4.0
0.9453895206901024	3.75
0.9471226206458971	3.5
0.9488820475038949	3.25
0.95067020478217	3.0
0.9524892085766045	2.75
0.9543420501536147	2.5
0.9562320925217674	2.25
0.95816326700714	2.0
0.9601407877291991	1.75
0.9621698637261971	1.5
0.9642575324147736	1.25
0.966414115851082	1.0
0.9686525765802364	0.75
0.9766174514959104	0.5
0.9763360304087313	0.25
0.9760516914567513	0.0
