0.02394830854324873	0.0
0.02415795770009479	0.25
0.02437582381514422	0.5
0.024545313938499964	0.75
0.02473837639690266	1.0
0.0249291414890111	1.25
0.02511794363607743	1.5
0.02530492498199794	1.75
0.025490488103762532	2.0
0.02567471129069513	2.25
0.025857648247839378	2.5
0.026039629754023283	2.75
0.026220471217672688	3.0
0.026400439599958785	3.25
0.026579630191988186	3.5
0.026758069840980104	3.75
0.02693560866693678	4.0
0.02711278869994431	4.25
0.027289230777254276	4.5
0.02746514789236989	4.75
0.027636257199721886	5.0
0.02781061789234451	5.25
0.027984591362740122	5.5
0.02815813696525416	5.75
0.02833122292769641	6.0
0.028504064598943783	6.25
0.028676472146636982	6.5
0.02884876198631024	6.75
0.029020516111996526	7.0
0.02919212999703337	7.25
0.029363394838281466	7.5
0.029534553124702313	7.75
0.029705367187423174	8.0
0.02987616234216848	8.25
0.03004659171011805	8.5
0.03021700246923425	8.75
0.030387254726428437	9.0
0.030557287282198718	9.25
0.03072713189809057	9.5
0.030896444475004878	9.75
0.03106616976723124	10.0
0.0312357549849206	10.25
0.031405435135043805	10.5
0.031574859745061065	10.75
0.031744225829511155	11.0
0.031913541642771784	11.25
0.03208281512675766	11.5
0.03225205391006335	11.75
0.03242126531778432	12.0
0.03259072475578799	12.25
0.032760510213766414	12.5
0.032929675579839716	12.75
0.03309878436823092	13.0
0.033268218993178604	13.25
0.033437358236729164	13.5
0.03360652967543869	13.75
0.03377573496455804	14.0
0.03394517512510252	14.25
0.034114554748235264	14.5
0.0342840563662282	14.75
0.03445326246806371	15.0
0.03462305214895746	15.25
0.034792371643839186	15.5
0.034962030429018826	15.75
0.0351316788014562	16.0
0.03530191194300265	16.25
0.03547043684855561	16.5
0.03564047113024987	16.75
0.035810137397064436	17.0
0.03597990397352107	17.25
0.03615028509894681	17.5
0.036320328593218584	17.75
0.036490462043509295	18.0
0.03666068714737307	18.25
0.03683100574975229	18.5
0.03700141978216915	18.75
0.03717193122419339	19.0
0.03734254207502397	19.25
0.03751376572562866	19.5
0.03768460543650908	19.75
0.03785554954685613	20.0
0.03802660011182425	20.25
0.038197759133292306	20.5
0.0383690285542227	20.75
0.03854041026119154	21.0
0.03871190608495277	21.25
0.038883517801252265	21.5
0.03905524713181696	21.75
0.0392270957454637	22.0
0.03939894435911044	22.25
0.03957114931569989	22.5
0.03974335427228934	22.75
0.03991555922887879	23.0
0.040088180970914475	23.25
0.04026080271295016	23.5
0.04043342445498585	23.75
0.04060636289527258	24.0
0.040779301335559306	24.25
0.040952239775846035	24.5
0.0411257163761667	24.75
0.04129919297648737	25.0
0.041472601079351155	25.25
0.04164600918221494	25.5
0.04182004581143136	25.75
0.04199408244064778	26.0
0.042168119069864195	26.25
0.042342298812217107	26.5
0.04251647855457002	26.75
0.04269065829692293	27.0
0.042865819137465636	27.25
0.04304097997800834	27.5
0.0432155569508962	27.75
0.043390133923784054	28.0
0.04356471089667191	28.25
0.0437412648275077	28.5
0.043917818758343496	28.75
0.04409437268917929	29.0
0.04427092662001508	29.25
0.04444434784824632	29.5
0.04462048384741768	29.75
0.04479661984658904	30.0
0.04497321104158847	30.25
0.0451498022365879	30.5
0.04532639343158733	30.75
0.045503446951625316	31.0
0.045680500471663305	31.25
0.04585755399170129	31.5
0.0460350679733084	31.75
0.0462125819549155	32.0
0.04639009593652261	32.25
0.04656808481071654	32.5
0.04674607368491047	32.75
0.0469240625591044	33.0
0.04710250682809757	33.25
0.04728095109709075	33.5
0.04745939536608392	33.75
0.047637839635077096	34.0
0.047817268503739845	34.25
0.04799669737240259	34.5
0.04817612624106534	34.75
0.04835555510972809	35.0
0.04853498397839084	35.25
0.04871427443300122	35.5
0.0488935648876116	35.75
0.049072855342221985	36.0
0.04925438132006713	36.25
0.04943590729791228	36.5
0.049617433275757426	36.75
0.04979895925360257	37.0
0.04997675090147382	37.25
0.050154542549345066	37.5
0.05033889116082747	37.75
0.05052323977230988	38.0
0.05070166967624937	38.25
0.05088009958018885	38.5
0.051065085384587615	38.75
0.051250071188986376	39.0
0.05142913865983177	39.25
0.05160820613067717	39.5
0.05179382870244648	39.75
0.0519794512742158	40.0
0.05215915554088108	40.25
0.052338859807546365	40.5
0.05252511805326191	40.75
0.05271137629897746	41.0
0.0528917158056392	41.25
0.05307205531230094	41.5
0.053258947407295	41.75
0.05344583950228905	42.0
0.053626812320565244	42.25
0.053807785138841435	42.5
0.053995308836768965	42.75
0.054182832534696496	43.0
0.05436443600309081	43.25
0.05454603947148512	43.5
0.05473419208781459	43.75
0.05492234470414406	44.0
0.05510457560053712	44.25
0.055286806496930185	44.5
0.05547558426084383	44.75
0.05566436202475747	45.0
0.05584721665265953	45.25
0.05603007128056159	45.5
0.056219470317321725	45.75
0.05640886935408186	46.0
0.05659234359660112	46.25
0.05677581783912038	46.5
0.05696583381007491	46.75
0.057155849781029444	47.0
0.057339938798767975	47.25
0.05752402781650651	47.5
0.05771465548861977	47.75
0.05790528316073304	48.0
0.058089982086180374	48.25
0.05827468101162771	48.5
0.05846591549260843	48.75
0.05865410958834379	49.0
0.05884245394415953	49.25
0.05903079829997527	49.5
0.05921914265579101	49.75
0.05940838752110178	50.0
0.05959763238641255	50.25
0.059786877251723325	50.5
0.0599761221170341	50.75
0.06016536698234487	51.0
0.06035461184765564	51.25
0.060543856712966415	51.5
0.060734106015736054	51.75
0.060924355318505694	52.0
0.06111460462127533	52.25
0.06130485392404497	52.5
0.06149510322681461	52.75
0.06168535252958425	53.0
0.06187560183235389	53.25
0.06206699480835194	53.5
0.06225838778434999	53.75
0.06244911642654907	54.0
0.06263984506874815	54.25
0.06283181869286984	54.5
0.06302379231699154	54.75
0.06321510321911504	55.0
0.06340641412123854	55.25
0.06359895038401531	55.5
0.06379148664679207	55.75
0.06398335654196223	56.0
0.06417522643713239	56.25
0.06436831745708407	56.5
0.06456140847703576	56.75
0.06475382933913604	57.0
0.06494625020123632	57.25
0.06513988781859475	57.5
0.0653335254359532	57.75
0.06552648896752065	58.0
0.06571945249908812	58.25
0.06591362828850071	58.5
0.0661078040779133	58.75
0.06630130172173875	59.0
0.06649479936556418	59.25
0.06668950464741186	59.5
0.06688420992925953	59.75
0.06707823287942478	60.0
0.06727225582959004	60.25
0.06746748168076852	60.5
0.067662707531947	60.75
0.06785724674435316	61.0
0.06805178595675931	61.25
0.06824752322097645	61.5
0.06844326048519359	61.75
0.0686383066876277	62.0
0.06883335289006182	62.25
0.06902959218769616	62.5
0.06922583148533051	62.75
0.06942137518711715	63.0
0.06961691888890378	63.25
0.06981365062646702	63.5
0.07001038236403026	63.75
0.07020641386530495	64.0
0.07040244536657964	64.25
0.07059965974581878	64.5
0.07079687412505792	64.75
0.07099408850429706	65.0
0.07119042295526326	65.25
0.07138757999814822	65.5
0.07158473704103319	65.75
0.07178189408391815	66.0
0.07197905112680311	66.25
0.07217737092064909	66.5
0.07237569071449507	66.75
0.07257401050834104	67.0
0.07277091706117196	67.25
0.07296899149088881	67.5
0.07316706592060566	67.75
0.07336514035032252	68.0
0.07356321478003937	68.25
0.07376239990784485	68.5
0.07396158503565033	68.75
0.0741607701634558	69.0
0.0743586039365722	69.25
0.07455755369765002	69.5
0.07475650345872784	69.75
0.07495545321980565	70.0
0.07515440298088347	70.25
0.07535335274196128	70.5
0.07555388457618865	70.75
0.07575441641041603	71.0
0.07595314254058858	71.25
0.07615186867076112	71.5
0.0763528068105301	71.75
0.07655374495029907	72.0
0.07675287205522165	72.25
0.07695199916014422	72.5
0.07715333229301514	72.75
0.07735466542588607	73.0
0.07755418225863474	73.25
0.07775369909138341	73.5
0.07795541590924125	73.75
0.0781571327270991	74.0
0.07835702791152932	74.25
0.07855692309595955	74.5
0.07875901216480416	74.75
0.07896110123364877	75.0
0.0791613632711968	75.25
0.07936162530874483	75.5
0.07956407507542054	75.75
0.07976652484209626	76.0
0.07996714211844333	76.25
0.0801677593947904	76.5
0.08037055819359348	76.75
0.08057335699239657	77.0
0.08077431778401975	77.25
0.08097527857564293	77.5
0.08117841463481978	77.75
0.08138155069399663	78.0
0.08158284317461145	78.25
0.08178413565522627	78.5
0.08198759710337067	78.75
0.08219105855151507	79.0
0.08239267079841907	79.25
0.08259428304532307	79.5
0.0827980579176749	79.75
0.08300183279002674	80.0
0.08320375279035107	80.25
0.0834056727906754	80.5
0.08360974903533125	80.75
0.0838138252799871	81.0
0.08401604093686049	81.25
0.08421825659373389	81.5
0.08442262207777218	81.75
0.08462698756181047	82.0
0.08482948670044127	82.25
0.08503198583907207	82.5
0.08523662835459561	82.75
0.08544127087011916	83.0
0.08564404124379986	83.25
0.08584681161748056	83.5
0.08605171888758607	83.75
0.08625662615769158	84.0
0.08645965545372514	84.25
0.08666268474975869	84.5
0.08686784443443156	84.75
0.08707300411910443	85.0
0.08727627996466263	85.25
0.08747955581022082	85.5
0.08768495551215827	85.75
0.08789035521409572	86.0
0.08809386518200653	86.25
0.08829737514991734	86.5
0.08850300242028475	86.75
0.08870862969065216	87.0
0.08891236130512094	87.25
0.08911609291958972	87.5
0.0893219352637081	87.75
0.08952777760782649	88.0
0.08973171835009001	88.25
0.08993565909235354	88.5
0.09014170397532593	88.75
0.09034774885829833	89.0
0.0905518861722143	89.25
0.09075602348613027	89.5
0.09096225833840033	89.75
0.09116849319067039	90.0
0.09137281448824561	90.25
0.09157713578582083	90.5
0.09178354800866971	90.75
0.09198996023151859	91.0
0.09219445289837143	91.25
0.09239894556522427	91.5
0.092605522536205	91.75
0.09281209950718575	92.0
0.09301675090794623	92.25
0.09322140230870671	92.5
0.09342813138701485	92.75
0.09363486046532299	93.0
0.09383965794897237	93.25
0.09404445543262174	93.5
0.09425132396440203	93.75
0.09445819249618231	94.0
0.09466312340132838	94.25
0.09486805430647444	94.5
0.09507504963006672	94.75
0.095282044953659	95.0
0.09548709661374535	95.25
0.09569214827383171	95.5
0.09589925772495153	95.75
0.09610636717607135	96.0
0.09631152692452745	96.25
0.09651668667298355	96.5
0.09672389758983699	96.75
0.09693110850669043	97.0
0.09713636368201324	97.25
0.09734161885733605	97.5
0.09754891858567252	97.75
0.09775621831400899	98.0
0.09796155626477826	98.25
0.09816689421554753	98.5
0.09837427011364341	98.75
0.0985816460117393	99.0
0.0987870541015685	99.25
0.0989924621913977	99.5
0.09919990163497407	99.75
0.09940734107855043	100.0
0.09961280669096861	100.25
0.0998182723033868	100.5
0.10002576269045514	100.75
0.10023325307752348	101.0
0.10043876362078763	101.25
0.10064427416405178	101.5
0.10085180291969352	101.75
0.10105933167533526	102.0
0.10126487458717028	102.25
0.10147041749900529	102.5
0.1016779720800792	102.75
0.10188552666115311	103.0
0.10209108941342272	103.25
0.10229665216569234	103.5
0.10250422006546601	103.75
0.10271178796523969	104.0
0.10291735806854074	104.25
0.1031229281718418	104.5
0.10333049692455107	104.75
0.10353806567726034	105.0
0.10374363068544445	105.25
0.10394919569362857	105.5
0.10415675287896112	105.75
0.10436431006429367	106.0
0.10456985757890948	106.25
0.10477540509352529	106.5
0.104982938341025	106.75
0.10519047158852471	107.0
0.1053959892631828	107.25
0.1056015069378409	107.5
0.10580900393123657	107.75
0.10601650092463225	108.0
0.10622399791802792	108.25
0.10642844467373715	108.5
0.10663490054504936	108.75
0.10684135641636157	109.0
0.10704781228767378	109.25
0.10725426815898599	109.5
0.1074607240302982	109.75
0.10766717990161041	110.0
0.10787363577292262	110.25
0.10807966586998059	110.5
0.10828569596703856	110.75
0.10849229669352375	111.0
0.10869889742000895	111.25
0.10890484588013634	111.5
0.10911079434026373	111.75
0.10931730748756582	112.0
0.10952382063486792	112.25
0.10972967514009727	112.5
0.10993552964532662	112.75
0.11014194324819189	113.0
0.11034835685105716	113.25
0.11055410547540905	113.5
0.11075985409976093	113.75
0.11096615627219235	114.0
0.11117245844462377	114.25
0.1113780893433228	114.5
0.11158372024202183	114.75
0.11178989918107897	115.0
0.11199607812013611	115.25
0.11220157953326851	115.5
0.11240708094640091	115.75
0.11261312493581023	116.0
0.11281916892521955	116.25
0.11302452918130611	116.5
0.11322988943739266	116.75
0.11343578685106957	117.0
0.11364168426474648	117.25
0.11384689178421165	117.5
0.11405209930367681	117.75
0.11425783860915494	118.0
0.11446357791463306	118.25
0.11466862121319144	118.5
0.11487366451174981	118.75
0.11507923427350593	119.0
0.11528480403526205	119.25
0.1154896717271987	119.5
0.11569453941913536	119.75
0.11589992830183521	120.0
0.11610531718453505	120.25
0.11630999798589138	120.5
0.11651467878724771	120.75
0.11671987555887703	121.0
0.11692507233050635	121.25
0.11712955506217865	121.5
0.11733403779385095	121.75
0.11753903132875611	122.0
0.11774402486366127	122.25
0.11794829845438216	122.5
0.11815257204510306	122.75
0.11835735132693383	123.0
0.1185621306087646	123.25
0.11876618409800377	123.5
0.11897023758724294	123.75
0.11917479171179536	124.0
0.11937934583634778	124.25
0.11958316837709364	124.5
0.1197869909178395	124.75
0.11999130909579624	125.0
0.12019562727375298	125.25
0.12039920813521608	125.5
0.12060278899667919	125.75
0.12080686055623949	126.0
0.12101093211579979	126.25
0.12121426068599607	126.5
0.12141758925619235	126.75
0.12162140364562789	127.0
0.12182521803506342	127.25
0.12202828382329917	127.5
0.12223134961153491	127.75
0.12243489640161363	128.0
0.12263844319169236	128.25
0.1228412358309564	128.5
0.12304402847022043	128.75
0.12324729735654276	129.0
0.12345056624286509	129.25
0.12365307549211185	129.5
0.12385558474135862	129.75
0.12405856554659009	130.0
0.12426154635182156	130.25
0.1244637620981488	130.5
0.12466597784447604	130.75
0.12486866052047757	131.0
0.1250713431964791	131.25
0.12527325545720777	131.5
0.12547516771793643	131.75
0.1256775423477883	132.0
0.12587991697764017	132.25
0.12608151590228844	132.5
0.12628311482693672	132.75
0.12648517162687245	133.0
0.12668722842680818	133.25
0.12688850429896417	133.5
0.12708978017112016	133.75
0.12729150949233375	134.0
0.12749323881354735	134.25
0.12769418205264477	134.5
0.12789512529174218	134.75
0.1280965176221162	135.0
0.12829790995249024	135.25
0.12849376418266656	135.5
0.12868961841284288	135.75
0.12889538783325225	136.0
0.1291011572536616	136.25
0.1292966611630183	136.5
0.129492165072375	136.75
0.12969757953323438	137.0
0.12990299399409377	137.25
0.1300981379480679	137.5
0.13029328190204204	137.75
0.13049833235042357	138.0
0.1307033827988051	138.25
0.1308981578095437	138.5
0.13109293282028228	138.75
0.1312976103466613	139.0
0.1315022878730403	139.25
0.1316966850968919	139.5
0.13189108232074348	139.75
0.13209537816029004	140.0
0.1322996739998366	140.25
0.1324936847385184	140.5
0.13268769547720022	140.75
0.13289160101091388	141.0
0.13309550654462754	141.25
0.1332891222463045	141.5
0.13348273794798143	141.75
0.13368624470371054	142.0
0.13388975145943965	142.25
0.13408296371971523	142.5
0.1342761759799908	142.75
0.13447927563336387	143.0
0.13468237528673693	143.25
0.13487517584952638	143.5
0.13506797641231583	143.75
0.13527067044277885	144.0
0.13546825714531527	144.25
0.13566584384785169	144.5
0.1358634305503881	144.75
0.13606101725292452	145.0
0.13625860395546094	145.25
0.13645619065799736	145.5
0.13665377736053377	145.75
0.1368513640630702	146.0
0.13704510806931916	146.25
0.13723885207556813	146.5
0.13743823609955816	146.75
0.1376376201235482	147.0
0.1378309233968903	147.25
0.1380242266702324	147.5
0.13822316611347218	147.75
0.13842210555671197	148.0
0.13861495994569142	148.25
0.13880781433467088	148.5
0.13900630173477696	148.75
0.13920478913488304	149.0
0.1393971872499734	149.25
0.13958958536506377	149.5
0.1397876134110879	149.75
0.139985641457112	150.0
0.1401775760605955	150.25
0.140369510664079	150.5
0.14056707219691664	150.75
0.14076463372975428	151.0
0.14095609773589535	151.25
0.1411475617420364	151.5
0.14134464975455285	151.75
0.1415417377670693	152.0
0.14173272424218905	152.25
0.1419237107173088	152.5
0.1421203183543871	152.75
0.1423169259914654	153.0
0.14250742815395062	153.25
0.14269793031643585	153.5
0.14289405087493304	153.75
0.14309017143343022	154.0
0.14328018265364903	154.25
0.14347019387386784	154.5
0.14366582080247756	154.75
0.14386144773108728	155.0
0.1440509615312213	155.25
0.1442404753313553	155.5
0.14443560223042706	155.75
0.14463072912949881	156.0
0.14481973918329843	156.25
0.14500874923709806	156.5
0.14520336985832144	156.75
0.14539799047954483	157.0
0.14558649061200485	157.25
0.14577499074446487	157.5
0.14596909899053379	157.75
0.1461632072366027	158.0
0.14635119142355563	158.25
0.14653917561050855	158.5
0.14673276553466139	158.75
0.14692635545881422	159.0
0.1471138178264557	159.25
0.14730128019409716	159.5
0.147494345999603	159.75
0.14768741180510886	160.0
0.14787434662944912	160.25
0.14806128145378938	160.5
0.14825381749336014	160.75
0.1484463535329309	161.0
0.14863275523915523	161.25
0.14881915694537956	161.5
0.14901115772051163	161.75
0.1492031584956437	162.0
0.14938902165741616	162.25
0.14957488481918862	162.5
0.149766344979426	162.75
0.1499578051396634	163.0
0.15014312447835942	163.25
0.15032844381705546	163.5
0.15051935815918344	163.75
0.15071027250131142	164.0
0.15089504288518266	164.25
0.1510798132690539	164.5
0.15127017673622148	164.75
0.15146054020338906	165.0
0.15164475664664626	165.25
0.15182897308990345	165.5
0.15201878077069583	165.75
0.1522085884514882	166.0
0.15239224611333585	166.25
0.15257590377518349	166.5
0.1527651509025975	166.75
0.15295439803001154	167.0
0.15313749221360073	167.25
0.15332058639718993	167.5
0.15350926834758488	167.75
0.15369795029797984	168.0
0.15388047644930727	168.25
0.1540630026006347	168.5
0.15425111489256113	168.75
0.15443922718448755	169.0
0.15462118089122848	169.25
0.1548031345979694	169.5
0.15499067289100496	169.75
0.15517821118404052	170.0
0.15535958817430423	170.25
0.15554096516456795	170.5
0.15572792525802587	170.75
0.1559148853514838	171.0
0.1560956814925336	171.25
0.15627647763358343	171.5
0.15646285546519764	171.75
0.15664923329681185	172.0
0.15682944459370063	172.25
0.1570096558905894	172.5
0.15719544753511205	172.75
0.1573812391796347	173.0
0.15756086177378265	173.25
0.1577404843679306	173.5
0.1579256860356989	173.75
0.1581108877034672	174.0
0.15828991787116606	174.25
0.1584689480388649	174.5
0.15865355607428802	174.75
0.15883816410971113	175.0
0.15901659826059106	175.25
0.15919503241147098	175.5
0.15937904329142058	175.75
0.15956305417137018	176.0
0.15974088884679644	176.25
0.1599187235222227	176.5
0.16010213385442784	176.75
0.160285544186633	177.0
0.16046277605800496	177.25
0.16064000792937694	177.5
0.1608228144506966	177.75
0.16100562097201626	178.0
0.16118224683905408	178.25
0.1613588727060919	178.5
0.16154107228073156	178.75
0.16172327185537122	179.0
0.16189928864429434	179.25
0.16207530543321746	179.5
0.16225689505091032	179.75
0.16243848466860317	180.0
0.1626086020337816	180.25
0.16277871939896005	180.5
0.16296507913024158	180.75
0.1631514388615231	181.0
0.16331794752532566	181.25
0.1634844561891282	181.5
0.16367347440705834	181.75
0.16386249262498848	182.0
0.16402839402230587	182.25
0.16419429541962327	182.5
0.16436019681694067	182.75
0.16455962574187982	183.0
0.16473640544983212	183.25
0.16491318515778441	183.5
0.1650899648657367	183.75
0.165266744573689	184.0
0.1654435242816413	184.25
0.1656203039895936	184.5
0.1657970836975459	184.75
0.1659738634054982	185.0
0.16615064311345049	185.25
0.16632742282140278	185.5
0.16650420252935508	185.75
0.16667090404811313	186.0
0.1668376055668712	186.25
0.1670202663957863	186.5
0.1672029272247014	186.75
0.16736900546840858	187.0
0.16753508371211576	187.25
0.16771711869827605	187.5
0.16789915368443634	187.75
0.16806460386115446	188.0
0.16823005403787258	188.25
0.16841146130281154	188.5
0.1685928685677505	188.75
0.168757688850536	189.0
0.16886905806199795	189.25
0.169041634903891	189.5
0.16921421174578408	189.75
0.16938678858767714	190.0
0.1695593654295702	190.25
0.16973194227146327	190.5
0.16990451911335633	190.75
0.1700770959552494	191.0
0.17024967279714245	191.25
0.17042224963903552	191.5
0.17059482648092858	191.75
0.17076740332282164	192.0
0.1709399801647147	192.25
0.17110036361429534	192.5
0.17126074706387598	192.75
0.1714412569965778	193.0
0.17162176692927963	193.25
0.17178151816273818	193.5
0.17194126939619672	193.75
0.17212114375789664	194.0
0.17230101811959656	194.25
0.1724601316388812	194.5
0.17261924515816582	194.75
0.17279848276343315	195.0
0.1729777203687005	195.25
0.17313619503052705	195.5
0.1732946696923536	195.75
0.1734732694459483	196.0
0.17365186919954298	196.25
0.17380970395199072	196.5
0.17396753870443846	196.75
0.17414549960063605	197.0
0.17432346049683364	197.25
0.17448065437591234	197.5
0.17463784825499104	197.75
0.1748151693740592	198.0
0.17499249049312735	198.25
0.17514904261907246	198.5
0.17530559474501758	198.75
0.1754822752493385	199.0
0.1756589557536594	199.25
0.17581486532685967	199.5
0.17597077490005994	199.75
0.17614681402991447	200.0
0.176322853159769	200.25
0.17647811945628297	200.5
0.17663338575279694	200.75
0.1768087828216198	201.0
0.17698417989044266	201.25
0.17713880225706427	201.5
0.17729342462368589	201.75
0.1774681790127472	202.0
0.1776429334018085	202.25
0.17779691125045452	202.5
0.17795088909910053	202.75
0.17812500025157518	203.0
0.17829911140404983	203.25
0.1784524442053291	203.5
0.17860577700660837	203.75
0.1787792444207243	204.0
0.1789527118348402	204.25
0.17910539911064835	204.5
0.1792580863864565	204.75
0.17943090960749752	205.0
0.17960373282853856	205.25
0.17975577414349767	205.5
0.17990781545845677	205.75
0.18007999406938105	206.0
0.18025217268030533	206.25
0.18040356763145315	206.5
0.18055496258260098	206.75
0.18072649619288017	207.0
0.18089802980315936	207.25
0.18104877800764724	207.5
0.18119952621213511	207.75
0.1813614507240674	208.0
0.18152337523599968	208.25
0.18168222943247364	208.5
0.18183721109784587	208.75
0.1819921927632181	209.0
0.18216224400557604	209.25
0.18233229524793398	209.5
0.18248141163672768	209.75
0.18263052802552138	210.0
0.18279992342312557	210.25
0.18296931882072975	210.5
0.18311778708388193	210.75
0.1832662553470341	211.0
0.18343500244264613	211.25
0.18360374953825814	211.5
0.18375156955768598	211.75
0.18389938957711383	212.0
0.18406748826349445	212.25
0.18423558694987507	212.5
0.18438275859994127	212.75
0.18452993025000747	213.0
0.18469738038722114	213.25
0.1848648305244348	213.5
0.18501135363115215	213.75
0.1851578767378695	214.0
0.18532467811922737	214.25
0.18549147950058525	214.5
0.18563735380175084	214.75
0.18578322810291642	215.0
0.1859493804075692	215.25
0.18611553271222198	215.5
0.18626075780064988	215.75
0.18640598288907778	216.0
0.18657148561329273	216.25
0.18673698833750768	216.5
0.1868815635773142	216.75
0.1870261388171207	217.0
0.1871909911707511	217.25
0.1873558435243815	217.5
0.18749976792244696	217.75
0.18764369232051242	218.0
0.18780789306376733	218.25
0.18797209380702223	218.5
0.18811536580458663	218.75
0.18825863780215102	219.0
0.1884221849731194	219.25
0.1885857321440878	219.5
0.1887327724039294	219.75
0.18887981266377102	220.0
0.18903848552534844	220.25
0.18919715838692586	220.5
0.18934354923190613	220.75
0.1894899400768864	221.0
0.18964796438126033	221.25
0.18980598868563425	221.5
0.18995172964932874	221.75
0.19009747061302323	222.0
0.19025484205790394	222.25
0.19041221350278464	222.5
0.19055729834800608	222.75
0.19070238319322752	223.0
0.19085909228824752	223.25
0.19101580138326751	223.5
0.19116348922844353	223.75
0.19131117707361955	224.0
0.19146413201289417	224.25
0.19161708695216878	224.5
0.19176409633790778	224.75
0.19191110572364678	225.0
0.19206332517664587	225.25
0.19221554462964496	225.5
0.19241052877780782	225.75
0.19260551292597067	226.0
0.19270863539671435	226.25
0.19281175786745802	226.5
0.19300617568457135	226.75
0.19320059350168467	227.0
0.19330308053560658	227.25
0.19340556756952848	227.5
0.19359935427732383	227.75
0.19379314098511918	228.0
0.19389499364573548	228.25
0.19399684630635178	228.5
0.19419000310659865	228.75
0.19438315990684552	229.0
0.19448437940877594	229.25
0.19458559891070637	229.5
0.1947781270317858	229.75
0.1949706551528652	230.0
0.19507124273548093	230.25
0.19517183031809665	230.5
0.1953637310106297	230.75
0.19555563170316276	231.0
0.1956555886258915	231.25
0.19575554554862024	231.5
0.19594682008061057	231.75
0.1961380946126009	232.0
0.19623742214966075	232.25
0.1963367496867206	232.5
0.19652739933813748	232.75
0.19671804898955436	233.0
0.19681674842411637	233.25
0.19691544785867837	233.5
0.19710547391506494	233.75
0.19729549997145152	234.0
0.19739357258892004	234.25
0.19749164520638857	234.5
0.19768104895191993	234.75
0.1978704526974513	235.0
0.19796789977769516	235.25
0.19806534685793903	235.5
0.19825412956704921	235.75
0.1984429122761594	236.0
0.19853973508467157	236.25
0.19863655789318374	236.5
0.19882472082099492	236.75
0.1990128837488061	237.0
0.1991090835259589	237.25
0.1992052833031117	237.5
0.19939282767417574	237.75
0.19958037204523976	238.0
0.19967594999399443	238.25
0.1997715279427491	238.5
0.19995845493717904	238.75
0.20014538193160897	239.0
0.20024033920249495	239.25
0.20033529647338094	239.5
0.20052160721068063	239.75
0.20070791794798032	240.0
0.200802255620647	240.25
0.20089659329331366	240.5
0.20108228881215107	240.75
0.20126798433098847	241.0
0.2013617033917579	241.25
0.20145542245252734	241.5
0.20164050368592515	241.75
0.20182558491932295	242.0
0.20191868623309472	242.25
0.2020117875468665	242.5
0.2021795064306369	242.75
0.2023472253144073	243.0
0.2024567512133465	243.25
0.2025662771122857	243.5
0.20273336863134123	243.75
0.20290046015039676	244.0
0.20300938003131433	244.25
0.2031182999122319	244.5
0.20328478899806438	244.75
0.20345127808389685	245.0
0.20360740164698146	245.25
0.2036969556240785	245.5
0.20378650960117553	245.75
0.2039707927746482	246.0
0.20415507594812085	246.25
0.2042440916204354	246.5
0.20433310729274992	246.75
0.20451679064149833	247.0
0.20470047399024674	247.25
0.20478888706186618	247.5
0.20487730013348562	247.75
0.20506038447737476	248.0
0.2052434688212639	248.25
0.20533127984630206	248.5
0.20541909087134022	248.75
0.20560157658431233	249.0
0.20578406229728444	249.25
0.20587127141471878	249.5
0.20595848053215313	249.75
0.2061034443566818	250.0
0.20624840818121046	250.25
0.20639337200573912	250.5
0.2065383358302678	250.75
0.20668329965479645	251.0
0.2067720336971437	251.25
0.20686076773949094	251.5
0.20703834216580072	251.75
0.2072159165921105	252.0
0.20730409933889227	252.25
0.20739228208567403	252.5
0.20756924562917967	252.75
0.2077462091726853	253.0
0.20782959630618467	253.25
0.20791298343968403	253.5
0.2080938287958661	253.75
0.20827467415204817	254.0
0.20835747074422056	254.25
0.20844026733639295	254.5
0.2086205126669537	254.75
0.20880075799751444	255.0
0.20888294834868915	255.25
0.20896513869986386	255.5
0.20914477728309427	255.75
0.2093244158663247	256.0
0.2094059902648825	256.25
0.2094875646634403	256.5
0.20966658231193988	256.75
0.20984559996043947	257.0
0.20992653700286448	257.25
0.2100074740452895	257.5
0.21018584489564926	257.75
0.21036421574600903	258.0
0.21044485364920176	258.25
0.2105254915523945	258.5
0.21070319205566204	258.75
0.21088089255892958	259.0
0.21096157346633176	259.25
0.21104225437373395	259.5
0.21121918588402183	259.75
0.21139611739430972	260.0
0.2115730489045976	260.25
0.21167956121181813	260.5
0.21178607351903866	260.75
0.2118925858262592	261.0
0.21206326710467965	261.25
0.2122339483831001	261.5
0.21231829445791608	261.75
0.21240264053273206	262.0
0.21257278165861593	262.25
0.2127429227844998	262.5
0.2128266846611498	262.75
0.21291044653779978	263.0
0.21308000596185914	263.25
0.2132495653859185	263.5
0.2133327414291947	263.75
0.2134159174724709	264.0
0.2135848930744703	264.25
0.21371078151258777	264.5
0.2138368852330336	264.75
0.21396244500971454	265.0
0.21408800478639547	265.25
0.21421356456307641	265.5
0.21433912433975735	265.75
0.2144646841164383	266.0
0.21459024389311923	266.25
0.21471580366980017	266.5
0.2148413634464811	266.75
0.21496692322316205	267.0
0.215092482999843	267.25
0.21521804277652393	267.5
0.21534360255320487	267.75
0.2154691623298858	268.0
0.21559472210656674	268.25
0.21572028188324768	268.5
0.21584584165992862	268.75
0.21597140143660956	269.0
0.2160969612132905	269.25
0.21622252098997144	269.5
0.21634808076665238	269.75
0.21641155588140903	270.0
0.2164750309961657	270.25
0.21664183089713127	270.5
0.21680863079809684	270.75
0.2168867679766177	271.0
0.21696490515513858	271.25
0.21713105330296206	271.5
0.21729720145078554	271.75
0.21737466131513833	272.0
0.21745212117949111	272.25
0.21761139838692417	272.5
0.21777067559435723	272.75
0.217851100332367	273.0
0.21807094217037934	273.25
0.21819211933385094	273.5
0.21831329649732253	273.75
0.21843447366079413	274.0
0.21855565082426573	274.25
0.2186794079938806	274.5
0.2187958958881063	274.75
0.218916067837008	275.0
0.21903623978590972	275.25
0.21915641173481143	275.5
0.21927658368371314	275.75
0.21939675563261485	276.0
0.21951692758151656	276.25
0.21963709953041827	276.5
0.21975727147931998	276.75
0.21987744342822169	277.0
0.2199976153771234	277.25
0.2201177873260251	277.5
0.22023795927492681	277.75
0.2202755062384859	278.0
0.22039405225972716	278.25
0.22051259828096842	278.5
0.22063114430220968	278.75
0.22074969032345093	279.0
0.2208682363446922	279.25
0.22108290179915896	279.5
0.2212010423181595	279.75
0.22131883368073826	280.0
0.22143662504331701	280.25
0.22155441640589577	280.5
0.22167220776847452	280.75
0.22178999913105327	281.0
0.22190779049363202	281.25
0.22193299585446802	281.5
0.22204966607902327	281.75
0.22216633630357852	282.0
0.22235446761131572	282.25
0.22250345936441218	282.5
0.22255367798630024	282.75
0.2226038966081883	283.0
0.22278527516034766	283.25
0.22305135937198756	283.5
0.22302150300182313	283.75
0.22307138433613852	284.0
0.22332750487527742	284.25
0.22336970245399346	284.5
0.2234119000327095	284.75
0.22360477845270715	285.0
0.22366031061448852	285.25
0.22372460511294862	285.5
0.22391299057835976	285.75
0.2240620776239583	286.0
0.22421116466955684	286.25
0.2243602517151554	286.5
0.224580893934766	286.75
0.22449731020502	287.0
0.22462225009405895	287.25
0.2245257112686435	287.5
0.22463735190978784	287.75
0.22474899255093217	288.0
0.2249720128787681	288.25
0.22498133608248938	288.5
0.22512283741117833	288.75
0.2252643387398673	289.0
0.22528313920474266	289.25
0.22551431965901853	289.5
0.22555177207360003	289.75
0.22558922448818153	290.0
0.22577326114141003	290.25
0.22595729779463852	290.5
0.22603113840678796	290.75
0.2261049790189374	291.0
0.22617881963108682	291.25
0.22644020128998132	291.5
0.22654490779724837	291.75
0.2266496143045154	292.0
0.22676196135122492	292.25
0.22687430839793443	292.5
0.22690458619526377	292.75
0.2269348639925931	293.0
0.22712011144781238	293.25
0.2272096478832889	293.5
0.22729918431876542	293.75
0.22748687403155618	294.0
0.22759647398371016	294.25
0.22764129541318923	294.5
0.22781532414663588	294.75
0.22792201403037113	295.0
0.22811220101941584	295.25
0.2281506463844912	295.5
0.22818909174956656	295.75
0.22844182447074698	296.0
0.2286635552926817	296.25
0.22857181357201575	296.5
0.22866460880837697	296.75
0.22875740404473818	297.0
0.2288501992810994	297.25
0.2289429945174606	297.5
0.22903578975382183	297.75
0.22920773517336882	298.0
0.22929783596718925	298.25
0.22953740888618362	298.5
0.22957431039938753	298.75
0.22961121191259143	299.0
0.22978670221357653	299.25
0.22986402965864672	299.5
0.23008043388284732	299.75
0.2300983992803004	300.0
0.4892611167957525	300.0
0.48948429486981	299.75
0.4894603322225338	299.5
0.4896111989399965	299.25
0.48964035696672753	299.0
0.48984171052257347	298.75
0.4900430640784194	298.5
0.4899911859515756	298.25
0.4901274252414952	298.0
0.49014447972102715	297.75
0.4902827762972934	297.5
0.4904210728735596	297.25
0.49055936944982587	297.0
0.4906976660260921	296.75
0.49083596260235834	296.5
0.49124137409591456	296.25
0.49117387051816513	296.0
0.49110823354104377	295.75
0.4913125059636085	295.5
0.4915167783861732	295.25
0.4915314452046388	295.0
0.4916511601311289	294.75
0.4919621748342927	294.5
0.4921479225733491	294.25
0.4922580151453895	294.0
0.492267116231132	293.75
0.4924044742224787	293.5
0.49254183221382536	293.25
0.49255583496000427	293.0
0.49276908340116493	292.75
0.4929823318423256	292.5
0.493091833994233	292.25
0.4932013361461404	292.0
0.493321640070575	291.75
0.49344194399500957	291.5
0.49335707480854973	291.25
0.49351899095876695	291.0
0.49368090710898416	290.75
0.49384282325920137	290.5
0.4938617954973645	290.25
0.4938807677355276	290.0
0.49409069051536725	289.75
0.4943006132952069	289.5
0.4945200072799638	289.25
0.49474411538822	289.0
0.4948063799761529	288.75
0.4948686445640858	288.5
0.4951065743463128	288.25
0.4950588386032175	288.0
0.4951619642336061	287.75
0.4952650898639947	287.5
0.495395782981047	287.25
0.4954826118039622	287.0
0.4959667774118155	286.75
0.49605928865602256	286.5
0.4960796414465818	286.25
0.496099994237141	286.0
0.49612034702770025	285.75
0.4963440382143999	285.5
0.4964561930613579	285.25
0.49655384190909285	285.0
0.496655065629917	284.75
0.496526634085908	284.5
0.49639820254189904	284.25
0.4964532838643073	284.0
0.4965016547338443	283.75
0.49682778236575303	283.5
0.49688607530531576	283.25
0.49686240658085723	283.0
0.4970359435460638	282.75
0.49720948051127034	282.5
0.4973073102433173	282.25
0.49751378276682307	282.0
0.4976203268321367	281.75
0.4977268708974503	281.5
0.49794754363071864	281.25
0.498056732229356	281.0
0.4981659208279933	280.75
0.49827510942663067	280.5
0.498384298025268	280.25
0.49849348662390536	280.0
0.4986026752225427	279.75
0.49896832198181196	279.5
0.4989587397342003	279.25
0.4990813783046614	279.0
0.49920401687512256	278.75
0.4993266554455837	278.5
0.4994492940160448	278.25
0.49957193258650595	278.0
0.4997770433468287	277.75
0.4999026494064739	277.5
0.5000282554661191	277.25
0.5001538615257642	277.0
0.5002794675854094	276.75
0.5004050736450546	276.5
0.5005306797046998	276.25
0.500656285764345	276.0
0.5007818918239901	275.75
0.5009074978836353	275.5
0.5010331039432805	275.25
0.5011587100029257	275.0
0.5012843160625708	274.75
0.5016027251482268	274.5
0.501777231490009	274.25
0.5019096943688044	274.0
0.5020421572475998	273.75
0.5021746201263952	273.5
0.5023070830051907	273.25
0.5023115385651942	273.0
0.5024216856784182	272.75
0.5025815542725531	272.5
0.5027414228666881	272.25
0.5028570042497317	272.0
0.5029725856327752	271.75
0.5031250647225564	271.5
0.5032775438123375	271.25
0.5033938173195629	271.0
0.5035100908267883	270.75
0.503663328954279	270.5
0.5038165670817697	270.25
0.5039533933447937	270.0
0.5040902196078177	269.75
0.5042303635365877	269.5
0.5043705074653576	269.25
0.5045106513941275	269.0
0.5046507953228975	268.75
0.5047909392516674	268.5
0.5049310831804373	268.25
0.5050712271092073	268.0
0.5052113710379772	267.75
0.5053515149667471	267.5
0.5054916588955171	267.25
0.505631802824287	267.0
0.5057719467530569	266.75
0.5059120906818269	266.5
0.5060522346105968	266.25
0.5061923785393667	266.0
0.5063325224681366	265.75
0.5064726663969066	265.5
0.5066128103256765	265.25
0.5067529542544464	265.0
0.5068930981832164	264.75
0.507248004807674	264.5
0.5073905998613278	264.25
0.5074857779624967	264.0
0.5076769868091965	263.75
0.5078681956558962	263.5
0.5079642182423799	263.25
0.5080602408288636	263.0
0.5082522960782372	262.75
0.5084443513276108	262.5
0.5085412307284418	262.25
0.5086381101292728	262.0
0.5088310233779405	261.75
0.5090239366266082	261.5
0.5091216442717443	261.25
0.5092193519168805	261.0
0.5093893181765137	260.75
0.5095592844361468	260.5
0.50972925069578	260.25
0.5098149702034719	260.0
0.5099006897111638	259.75
0.5099864092188556	259.5
0.5101945185550943	259.25
0.5104026278913331	259.0
0.5104889957552622	258.75
0.5105753636191913	258.5
0.5107851815268033	258.25
0.5109949994344153	258.0
0.511082153651526	257.75
0.5111693078686367	257.5
0.5113803993475564	257.25
0.5115914908264761	257.0
0.5116794703682892	256.75
0.5117674499101023	256.5
0.5119793835381851	256.25
0.5121913171662679	256.0
0.5122801659576868	255.75
0.5123690147491057	255.5
0.5125818280912108	255.25
0.5127946414333159	255.0
0.5128843881009171	254.75
0.5129741347685183	254.5
0.5131878502991307	254.25
0.5134015658297432	254.0
0.5134922292282078	253.75
0.5135828926266724	253.5
0.5137975133946482	253.25
0.5140121341626239	253.0
0.5141096361552305	252.75
0.5142071381478371	252.5
0.5144171862274239	252.25
0.5146272343070107	252.0
0.5147256590443031	251.75
0.5148240837815955	251.5
0.5150349862334329	251.25
0.5152458886852703	251.0
0.5153875650486263	250.75
0.5155292414119822	250.5
0.5156709177753381	250.25
0.5158125941386941	250.0
0.51595427050205	249.75
0.516173507958314	249.5
0.5163927454145779	249.25
0.5164864087256631	249.0
0.5165800720367483	248.75
0.5168002743306542	248.5
0.5170204766245602	248.25
0.5171151163456942	248.0
0.5172097560668282	247.75
0.5174309331913491	247.5
0.5176521103158701	247.25
0.5177477362219978	247.0
0.5178433621281254	246.75
0.518065523575817	246.5
0.5182876850235086	246.25
0.518384306273183	246.0
0.5184809275228573	245.75
0.5187039710729906	245.5
0.5189270146231239	245.25
0.5191996471745283	245.0
0.5193672358874215	244.75
0.5195348246003147	244.5
0.5196911138293989	244.25
0.5198474030584831	244.0
0.520015987476239	243.75
0.5201845718939949	243.5
0.5203418624923097	243.25
0.5204991530906246	243.0
0.5206687466097525	242.75
0.5208383401288804	242.5
0.5210192095878228	242.25
0.5212000790467651	242.0
0.5213484599600754	241.75
0.5214968408733857	241.5
0.5216787170499916	241.25
0.5218605932265975	241.0
0.5220099868082079	240.75
0.5221593803898182	240.5
0.5223422726696386	240.25
0.522525164949459	240.0
0.522675580526336	239.75
0.522825996103213	239.5
0.5230099137428387	239.25
0.5231938313824643	239.0
0.5233452781708621	238.75
0.5234967249592598	238.5
0.5236816771213917	238.25
0.5238666292835236	238.0
0.5240191164201008	237.75
0.524171603556678	237.5
0.5243575993377801	237.25
0.5245435951188823	237.0
0.524697131685725	236.75
0.5248506682525677	236.5
0.5250377167054707	236.25
0.5252247651583738	236.0
0.5253793602029515	235.75
0.5255339552475292	235.5
0.5257220653995011	235.25
0.5259101755514729	235.0
0.526065838103486	234.75
0.526221500655499	234.5
0.5264106815229086	234.25
0.5265998623903182	234.0
0.526756601475126	233.75
0.5269133405599339	233.5
0.5271036011609769	233.25
0.5272938617620199	233.0
0.5274516864118776	232.75
0.5276095110617353	232.5
0.5278008604265259	232.25
0.5279922097913164	232.0
0.5281511290551284	231.75
0.5283100483189404	231.5
0.5285024954983019	231.25
0.5286949426776634	231.0
0.5288549656287633	230.75
0.5290149885798633	230.5
0.5292085426528181	230.25
0.529402096725773	230.0
0.5295632324689618	229.75
0.5297243682121505	229.5
0.529919038292178	229.25
0.5301137083722055	229.0
0.5302759660496045	228.75
0.5304382237270034	228.5
0.5306340189675505	228.25
0.5308298142080975	228.0
0.5309932030042325	227.75
0.5311565918003675	227.5
0.5313535213995825	227.25
0.5315504509987975	227.0
0.5317149801452519	226.75
0.5318795092917062	226.5
0.532077582478797	226.25
0.5322756556658877	226.0
0.5324413208779911	225.75
0.5326069860900945	225.5
0.532740651479277	225.25
0.5328743168684594	225.0
0.5331069589813608	224.75
0.5333396010942623	224.5
0.5334742975543885	224.25
0.5336089940145147	224.0
0.5338427511935446	223.75
0.5340765083725746	223.5
0.5342081380052671	223.25
0.5343397676379597	223.0
0.5345790981637593	222.75
0.5348184286895589	222.5
0.5349512107505551	222.25
0.5350839928115513	222.0
0.5353244825437737	221.75
0.5355649722759962	221.5
0.5356989305613472	221.25
0.5358328888466982	221.0
0.536074557055079	220.75
0.5363162252634598	220.5
0.5364513765403414	220.25
0.5365865278172229	220.0
0.5368293984772355	219.75
0.5370722691372481	219.5
0.5372028391689129	219.25
0.5373334092005776	219.0
0.5375835119432022	218.75
0.5378336146858268	218.5
0.5379653929576131	218.25
0.5380971712293995	218.0
0.5383484817545727	217.75
0.538599792279746	217.5
0.5387327923532088	217.25
0.5388657924266717	217.0
0.5391183236744095	216.75
0.5393708549221473	216.5
0.539505089373911	216.25
0.5396393238256746	216.0
0.5398930879701602	215.75
0.5401468521146459	215.5
0.5402823329046474	215.25
0.540417813694649	215.0
0.5406728224228079	214.75
0.5409278311509668	214.5
0.5410645698420412	214.25
0.5412013085331157	214.0
0.5414575732157476	213.75
0.5417138378983796	213.5
0.5418518457951129	213.25
0.5419898536918463	213.0
0.542247385494344	212.75
0.5425049172968418	212.5
0.5426442055369705	212.25
0.5427834937770991	212.0
0.5430423037340115	211.75
0.5433011136909239	211.5
0.5434416933078303	211.25
0.5435822729247367	211.0
0.5438423719916132	210.75
0.5441024710584897	210.5
0.5442443530255201	210.25
0.5443862349925505	210.0
0.5446476339833988	209.75
0.5449090329742471	209.5
0.5450522915679021	209.25
0.5451955501615572	209.0
0.5454929840030366	208.75
0.545790417844516	208.5
0.5459567890059815	208.25
0.5461985897507142	208.0
0.5464403904954469	207.75
0.5466202477606554	207.5
0.546800105025864	207.25
0.547030803556938	207.0
0.547261502088012	206.75
0.5474426970379987	206.5
0.5476238919879854	206.25
0.5478559301150585	206.0
0.5480879682421316	205.75
0.548270512176593	205.5
0.5484530561110543	205.25
0.5486864451164566	205.0
0.5489198341218589	204.75
0.5491037383422281	204.5
0.5492876425625974	204.25
0.549522393738319	204.0
0.5497571449140406	203.75
0.5499424207382146	203.5
0.5501276965623887	203.25
0.5503638212232257	203.0
0.5505999458840627	202.75
0.550786604658434	202.5
0.5509732634328053	202.25
0.5512107729271607	202.0
0.5514482824215161	201.75
0.5516363355306794	201.5
0.5518243886398426	201.25
0.5520632943586403	201.0
0.552302200077438	200.75
0.5524916589523297	200.5
0.5526811178272213	200.25
0.5529214312113294	200.0
0.5531617445954375	199.75
0.5533526207201508	199.5
0.553543496844864	199.25
0.5537852293912306	199.0
0.5540269619375973	198.75
0.5542192668551263	198.5
0.5544115717726554	198.25
0.5546547350396619	198.0
0.5548978983066684	197.75
0.5550916436237667	197.5
0.5552853889408651	197.25
0.5555299945528769	197.0
0.5557746001648887	196.75
0.5559697975562706	196.5
0.5561649949476526	196.25
0.5564110545988964	196.0
0.5566571142501402	195.75
0.5568537754621927	195.5
0.5570504366742453	195.25
0.5572979621322227	195.0
0.5575454875902002	194.75
0.5577436244441499	194.5
0.5579417612980997	194.25
0.5581907644065752	194.0
0.5584397675150508	193.75
0.5586393919098155	193.5
0.5588390163045802	193.25
0.5590895089935426	193.0
0.559340001682505	192.75
0.5595411143849012	192.5
0.5597422270872974	192.25
0.5599731697057898	192.0
0.5602041123242822	191.75
0.5604350549427747	191.5
0.5606659975612671	191.25
0.5608969401797596	191.0
0.561127882798252	190.75
0.5613588254167444	190.5
0.5615897680352369	190.25
0.5618207106537293	190.0
0.5620516532722217	189.75
0.5622825958907142	189.5
0.5625135385092066	189.25
0.5627449002915559	189.0
0.5629539628935715	188.75
0.5632087131575366	188.5
0.5634634634215018	188.25
0.5636740802899286	188.0
0.5638846971583554	187.75
0.5641410043000037	187.5
0.564397311441652	187.25
0.5646094950306583	187.0
0.5648216786196646	186.75
0.5650795551290597	186.5
0.5653374316384548	186.25
0.5655511857638817	186.0
0.5657649398893086	185.75
0.5660055455929787	185.5
0.5662461512966487	185.25
0.5664867570003187	185.0
0.5667273627039887	184.75
0.5669679684076587	184.5
0.5672085741113287	184.25
0.5674491798149988	184.0
0.5676897855186688	183.75
0.5679303912223388	183.5
0.5681709969260088	183.25
0.5684116026296788	183.0
0.5686575250421496	182.75
0.5688966951768797	182.5
0.5691358653116098	182.25
0.5693750354463398	182.0
0.56962075746291	181.75
0.5698664794794801	181.5
0.5701072975187796	181.25
0.5703481155580792	181.0
0.5706002255046012	180.75
0.5708523354511232	180.5
0.5710904656677208	180.25
0.5713285958843184	180.0
0.5715901790215514	179.75
0.5718517621587844	179.5
0.5720838810461508	179.25
0.5723159999335172	179.0
0.5725792499127261	178.75
0.572842499891935	178.5
0.573076294811041	178.25
0.5733100897301471	178.0
0.5735750199840315	177.75
0.5738399502379159	177.5
0.5740754346807064	177.25
0.574310919123497	177.0
0.5745775431821604	176.75
0.5748441672408238	176.5
0.5750813547973099	176.25
0.5753185423537961	176.0
0.5755868738459654	175.75
0.5758552053381347	175.5
0.5760941096976345	175.25
0.5763330140571343	175.0
0.576603066711363	174.75
0.5768731193655916	174.5
0.5771137543178787	174.25
0.5773543892701658	174.0
0.5776261769160386	173.75
0.5778979645619113	173.5
0.578140343998411	173.25
0.5783827234349106	173.0
0.5786562600041376	172.75
0.5789297965733646	172.5
0.579173934488295	172.25
0.5794180724032254	172.0
0.5796933719308289	171.75
0.5799686714584324	171.5
0.5802145819499064	171.25
0.5804604924413803	171.0
0.5807375690668037	170.75
0.5810146456922272	170.5
0.5812623429633939	170.25
0.5815100402345605	170.0
0.5817889082027594	169.75
0.5820677761709583	169.5
0.582317274531114	169.25
0.5825667728912698	169.0
0.5828474465538496	168.75
0.5831281202164293	168.5
0.5833794340821414	168.25
0.5836307479478535	168.0
0.583913241764152	167.75
0.5841957355804506	167.5
0.5844488794766532	167.25
0.5847020233728559	167.0
0.5849863519111065	166.75
0.585270680449357	166.5
0.5855256690104859	166.25
0.5857806575716147	166.0
0.5860668355100189	165.75
0.5863530134484232	165.5
0.5866098614195511	165.25
0.586866709390679	165.0
0.5871547515185854	164.75
0.5874427936464919	164.5
0.5877015158844711	164.25
0.5879602381224502	164.0
0.5882501593414851	163.75
0.5885400805605199	163.5
0.5888006920351448	163.25
0.5890613035097698	163.0
0.5893531188350313	162.75
0.5896449341602927	162.5
0.58990744995548	162.25
0.5901699657506672	162.0
0.590463690311898	161.75
0.5907574148731289	161.5
0.5910218501881416	161.25
0.5912862855031542	161.0
0.5915819345459746	160.75
0.591877583588795	160.5
0.5921439537394658	160.25
0.5924103238901366	160.0
0.5927079127772877	159.75
0.5930055016644389	159.5
0.5932738220844451	159.25
0.5935421425044514	159.0
0.5938416867170867	158.75
0.594141230929722	158.5
0.5944115171718689	158.25
0.5946818034140158	158.0
0.5949833185529971	157.75
0.5952848336919785	157.5
0.5955571014295639	157.25
0.5958293691671492	157.0
0.5961328709544238	156.75
0.5964363727416984	156.5
0.5967106377698794	156.25
0.5969849027980605	156.0
0.5972904070780141	155.75
0.5975959113579676	155.5
0.5978721895951756	155.25
0.5981484678323836	155.0
0.5984559905733469	154.75
0.5987635133143101	154.5
0.599041820803723	154.25
0.599320128293136	154.0
0.5996296855888045	153.75
0.599939242884473	153.5
0.6002195957955345	153.25
0.6004999487065961	153.0
0.6008115567776339	152.75
0.6011231648486717	152.5
0.6014055794786562	152.25
0.6016879941086408	152.0
0.6020016693042314	151.75
0.6023153444998219	151.5
0.6025998372754745	151.25
0.6028843300511271	151.0
0.6032000888506514	150.75
0.6035158476501756	150.5
0.6038024351294011	150.25
0.6040890226086266	150.0
0.6044068816233816	149.75
0.6047247406381366	149.5
0.6050134395117394	149.25
0.6053021383853421	149.0
0.6056221143603243	148.75
0.6059420903353065	148.5
0.6062329174288339	148.25
0.6065237445223612	148.0
0.6068458543381189	147.75
0.6071679641538765	147.5
0.6074609364295089	147.25
0.6077539087051413	147.0
0.6080781693807475	146.75
0.6084024300563537	146.5
0.6086975613925818	146.25
0.6089926927288098	146.0
0.6093075860685995	145.75
0.6096224794083891	145.5
0.6099373727481787	145.25
0.6102522660879683	145.0
0.610567159427758	144.75
0.6108820527675476	144.5
0.6111969461073372	144.25
0.6115118394471268	144.0
0.611898477433322	143.75
0.612207091528201	143.5
0.6125157056230799	143.25
0.6128406228507547	143.0
0.6131655400784295	142.75
0.6134763798773012	142.5
0.6137872196761729	142.25
0.6141143699850682	142.0
0.6144415202939635	141.75
0.6147546036031685	141.5
0.6150676869123735	141.25
0.6153970881780758	141.0
0.6157264894437782	140.75
0.6160418342211609	140.5
0.6163571789985436	140.25
0.6166888492493647	140.0
0.6170205195001859	139.75
0.6173381438577161	139.5
0.6176557682152464	139.25
0.6179897256348971	139.0
0.6183236830545478	138.75
0.6186436052610418	138.5
0.6189635274675358	138.25
0.6192997903979127	138.0
0.6196360533282896	137.75
0.6199582918122567	137.5
0.6202805302962238	137.25
0.6206191172403165	137.0
0.6209577041844092	136.75
0.6212822775370384	136.5
0.6216068508896675	136.25
0.621947780514395	136.0
0.6222887101391226	135.75
0.6226156385768002	135.5
0.6229425670144779	135.25
0.6232933411892669	135.0
0.623644115364056	134.75
0.6239659018885731	134.5
0.6242876884130903	134.25
0.6246408414648681	134.0
0.6249939945166458	133.75
0.6253181725263351	133.5
0.6256423505360245	133.25
0.6259979016864828	133.0
0.6263534528369412	132.75
0.6266800416576016	132.5
0.627006630478262	132.25
0.6273645991256952	132.0
0.6277225677731284	131.75
0.6280515869092584	131.5
0.6283806060453885	131.25
0.6287410117684762	131.0
0.6291014174915639	130.75
0.6294328866302313	130.5
0.6297643557688988	130.25
0.6301272183306933	130.0
0.6304900808924878	129.75
0.6308240199073972	129.5
0.6311579589223066	129.25
0.631523298274366	129.0
0.6318886376264254	128.75
0.6322250665821662	128.5
0.6325614955379069	128.25
0.632929331824636	128.0
0.633297168111365	127.75
0.6336361072678521	127.5
0.6339750464243392	127.25
0.634345399987513	127.0
0.6347157535506869	126.75
0.6350572233678122	126.5
0.6353986931849376	126.25
0.6357715845684396	126.0
0.6361444759519417	125.75
0.6364884970944276	125.5
0.6368325182369134	125.25
0.6372079681916972	125.0
0.637583418146481	124.75
0.6379300114889406	124.5
0.6382766048314001	124.25
0.6386546343206805	124.0
0.6390326638099608	123.75
0.6393818504422245	123.5
0.6397310370744882	123.25
0.6401116672791382	123.0
0.6404922974837881	122.75
0.6408440987164533	122.5
0.6411958999491185	122.25
0.6415791522733526	122.0
0.6419624045975867	121.75
0.642316841967811	121.5
0.6426712793380354	121.25
0.6430571754153311	121.0
0.6434430714926269	120.75
0.6438001667702191	120.5
0.6441572620478113	120.25
0.6445458237471038	120.0
0.6449343854463963	119.75
0.6452941606401511	119.5
0.645653935833906	119.25
0.6460451852660782	119.0
0.6464364346982505	118.75
0.6467989120625962	118.5
0.6471613894269419	118.25
0.6475553489515977	118.0
0.6479493084762535	117.75
0.6483145105182018	117.5
0.64867971256015	117.25
0.649076404792714	117.0
0.649473097025278	116.75
0.6498410465116831	116.5
0.6502089959980881	116.25
0.6506084438172152	116.0
0.6510078916363422	115.75
0.6513786116015077	115.5
0.6517493315666731	115.25
0.652151558122017	115.0
0.6525537846773608	114.75
0.6529272984309856	114.5
0.6533008121846104	114.25
0.6537058409049341	114.0
0.6541108696252578	113.75
0.6544872007607652	113.5
0.6548635318962726	113.25
0.6552713864979377	113.0
0.6556792410996028	112.75
0.6560584135028293	112.5
0.6564375859060558	112.25
0.6568482904019156	112.0
0.6572589948977754	111.75
0.657641032756083	111.5
0.6580230706143906	111.25
0.6584366493238996	111.0
0.6588502280334085	110.75
0.6592351529916239	110.5
0.6596200779498393	110.25
0.6600255394085172	110.0
0.660431000867195	109.75
0.6608364623258728	109.5
0.6612419237845506	109.25
0.6616473852432284	109.0
0.6620528467019062	108.75
0.662458308160584	108.5
0.6628839828396647	108.25
0.6632815504634747	108.0
0.6636791180872847	107.75
0.6640766857110948	107.5
0.6644967016222904	107.25
0.6649167175334859	107.0
0.6653172693869176	106.75
0.6657178212403493	106.5
0.6661408319066777	106.25
0.6665638425730062	106.0
0.666967404772545	105.75
0.6673709669720839	105.5
0.6677969986774989	105.25
0.6682230303829139	105.0
0.6686296294200557	104.75
0.6690362284571975	104.5
0.6694653078666576	104.25
0.6698943872761177	104.0
0.6703040500303277	103.75
0.6707137127845376	103.5
0.6711458669572525	103.25
0.6715780211299675	103.0
0.6719907748822528	102.75
0.6724035286345381	102.5
0.67283878503784	102.25
0.6732740414411419	102.0
0.6736899138882627	101.75
0.6741057863353835	101.5
0.674544172859261	101.25
0.6749825593831386	101.0
0.6754015786524921	100.75
0.6758205979218456	100.5
0.6762621428941614	100.25
0.6767036878664773	100.0
0.6771258825317059	99.75
0.6775480771969346	99.5
0.6779928093993707	99.25
0.6784375416018068	99.0
0.6788629406991388	98.75
0.6792883397964707	98.5
0.6797362884812449	98.25
0.6801842371660191	98.0
0.6806128702114023	97.75
0.6810415032567855	97.5
0.6814926981641666	97.25
0.6819438930715477	97.0
0.68237579007861	96.75
0.6828076870856724	96.5
0.6832621584623507	96.25
0.683716629839029	96.0
0.6841518213379068	95.75
0.6845870128367845	95.5
0.6850447914551335	95.25
0.6855025700734826	95.0
0.6859410871305742	94.75
0.6863796041876659	94.5
0.6868407213659395	94.25
0.6873018385442132	94.0
0.6877437127828993	93.75
0.6881855870215853	93.5
0.6886500746451214	93.25
0.6891145622686575	93.0
0.6895598258910398	92.75
0.6900050895134221	92.5
0.6904729800568874	92.25
0.6909408706003527	92.0
0.6913895564100744	91.75
0.6918382422197961	91.5
0.6923095687705413	91.25
0.6927808953212865	91.0
0.6932330367474974	90.75
0.6936851781737082	90.5
0.6941599744562869	90.25
0.6946347707388655	90.0
0.6950904018613887	89.75
0.6955460329839119	89.5
0.6960243333858463	89.25
0.6965026337877808	89.0
0.6969617893635482	88.75
0.6974209449393157	88.5
0.6979027845381688	88.25
0.6983846241370218	88.0
0.6988473396278648	87.75
0.6993100551187078	87.5
0.6997954697105366	87.25
0.7002808843023655	87.0
0.7007471959042313	86.75
0.7012135075060971	86.5
0.7017025336353772	86.25
0.7021915597646572	86.0
0.702661504438341	85.75
0.7031314491120247	85.5
0.7036241241031268	85.25
0.7041167990942289	85.0
0.7045904145977018	84.75
0.7050640301011747	84.5
0.7055603920914991	84.25
0.7060567540818236	84.0
0.7065340790042688	83.75
0.707011403926714	83.5
0.7075114919015693	83.25
0.7080115798764245	83.0
0.7084926536740838	82.75
0.708973727471743	82.5
0.7094775813010847	82.25
0.7099814351304264	82.0
0.7104662981643595	81.75
0.7109511611982925	81.5
0.7114588216754427	81.25
0.711966482152593	81.0
0.712455175728487	80.75
0.7129438693043811	80.5
0.7134553781868531	80.25
0.7139668870693251	80.0
0.7144594534794709	79.75
0.7149520198896168	79.5
0.7154674199421747	79.25
0.7159828199947326	79.0
0.7164793025623247	78.75
0.7169757851299169	78.5
0.717495120170026	78.25
0.7180144552101352	78.0
0.7185148983360322	77.75
0.7190153414619292	77.5
0.7195386564077548	77.25
0.7200619713535804	77.0
0.7205664205657001	76.75
0.7210708697778198	76.5
0.7215982106989395	76.25
0.7221255516200592	76.0
0.7226340536255925	75.75
0.7231425556311258	75.5
0.7236739698021436	75.25
0.7242053839731614	75.0
0.7247179867137868	74.75
0.7252305894544123	74.5
0.7257661254116828	74.25
0.7263016613689534	74.0
0.7268184140792666	73.75
0.7273351667895799	73.5
0.72787487439125	73.25
0.7284145819929201	73.0
0.7289355352623145	72.75
0.7294564885317089	72.5
0.7300004190213184	72.25
0.730544349510928	72.0
0.7310695553491572	71.75
0.7315947611873864	71.5
0.732142967261531	71.25
0.7326911733356757	71.0
0.7332206839523778	70.75
0.73375019456908	70.5
0.734296142792036	70.25
0.7348420910149921	70.0
0.7353880392379482	69.75
0.7359339874609042	69.5
0.7364799356838603	69.25
0.7370371759519887	69.0
0.7375807967836585	68.75
0.7381244176153283	68.5
0.7386680384469981	68.25
0.7392229212307958	68.0
0.7397778040145935	67.75
0.7403326867983911	67.5
0.7408875695821888	67.25
0.7414540568309498	67.0
0.7420065453960566	66.75
0.7425590339611634	66.5
0.7431115225262702	66.25
0.7436755835697683	66.0
0.7442396446132663	65.75
0.7448037056567643	65.5
0.7453677667002624	65.25
0.7459428532215328	65.0
0.7465049050914627	64.75
0.7470669569613927	64.5
0.7476290088313227	64.25
0.7482056307626666	64.0
0.7487822526940104	63.75
0.749349049752508	63.5
0.7499158468110056	63.25
0.7504972458116104	63.0
0.7510786448122151	62.75
0.7516502561284392	62.5
0.7522218674446632	62.25
0.7528081137174548	62.0
0.7533943599902464	61.75
0.7539708570169957	61.5
0.7545473540437451	61.25
0.7551385202387448	61.0
0.7557296864337446	60.75
0.7563111431403879	60.5
0.7568925998470313	60.25
0.7574887611987912	60.0
0.758084922550551	59.75
0.7586714155653967	59.5
0.7592579085802424	59.25
0.7598591430551114	59.0
0.7604603775299803	58.75
0.7610519862929236	58.5
0.7616435950558669	58.25
0.7622499835099777	58.0
0.7628563719640886	57.75
0.7634531788904546	57.5
0.7640499858168206	57.25
0.7646616121657686	57.0
0.7652732385147165	56.75
0.7658753291713403	56.5
0.766477419827964	56.25
0.7670943712292576	56.0
0.7677113226305512	55.75
0.7683187859252296	55.5
0.768926249219908	55.25
0.7695486162694021	55.0
0.7701709833188961	54.75
0.7707839117089119	54.5
0.7713968400989277	54.25
0.7720247450528803	54.0
0.7726526500068329	53.75
0.7732711581541961	53.5
0.7738896663015593	53.25
0.7745210715861576	53.0
0.7751524768707558	52.75
0.7757838821553541	52.5
0.7764152874399524	52.25
0.7770466927245506	52.0
0.7776780980091489	51.75
0.7783095032937472	51.5
0.7789505818912889	51.25
0.7795916604888306	51.0
0.7802327390863723	50.75
0.780873817683914	50.5
0.7815148962814557	50.25
0.7821559748789974	50.0
0.782797053476539	49.75
0.7834472134651972	49.5
0.7840973734538553	49.25
0.7847475334425135	49.0
0.7854132485682502	48.75
0.7860642510496879	48.5
0.7867211185217095	48.25
0.787377985993731	48.0
0.788035186681896	47.75
0.788692387370061	47.5
0.7893555159361948	47.25
0.7900186445023286	47.0
0.7906821716902751	46.75
0.7913456988782216	46.5
0.7920152201873214	46.25
0.7926847414964212	46.0
0.7933547310774417	45.75
0.7940247206584622	45.5
0.7947007735359246	45.25
0.795376826413387	45.0
0.7960534201534695	44.75
0.7967300138935519	44.5
0.797412743612131	44.25
0.7980954733307101	44.0
0.7987788201876466	43.75
0.7994621670445831	43.5
0.8001517264364704	43.25
0.8008412858283577	43.0
0.8015315431923238	42.75
0.8022218005562899	42.5
0.8029183505402034	42.25
0.803614900524117	42.0
0.8043122331124556	41.75
0.8050095657007942	41.5
0.8057132758162265	41.25
0.8064169859316589	41.0
0.807121567674268	40.75
0.8078261494168771	40.5
0.808537198275552	40.25
0.8092482471342269	40.0
0.8099602620003132	39.75
0.8106722768663995	39.5
0.8113908536347292	39.25
0.8121094304030588	39.0
0.8128290727312545	38.75
0.8135487150594501	38.5
0.8142750196542553	38.25
0.8150013242490605	38.0
0.8157287998429964	37.75
0.8164562754369323	37.5
0.8171905203361945	37.25
0.8179247652354568	37.0
0.8186625869752735	36.75
0.8194004087150902	36.5
0.820138230454907	36.25
0.8208760521947237	36.0
0.8216233785593586	35.75
0.8223707049239936	35.5
0.8231180312886285	35.25
0.8238720347118241	35.0
0.8246260381350198	34.75
0.8253800415582154	34.5
0.8261340449814111	34.25
0.8268880484046067	34.0
0.8276534285793673	33.75
0.8284188087541279	33.5
0.8291841889288885	33.25
0.829949569103649	33.0
0.8307225620335865	32.75
0.831495554963524	32.5
0.8322685478934615	32.25
0.8330481947674622	32.0
0.8338278416414628	31.75
0.8346074885154635	31.5
0.8353945333701712	31.25
0.8361815782248789	31.0
0.8369686230795866	30.75
0.8377629733309224	30.5
0.8385573235822582	30.25
0.839351673833594	30.0
0.8401536706297317	29.75
0.8409556674258694	29.5
0.8417618079923996	29.25
0.8425710798623054	29.0
0.8433803517322112	28.75
0.8441896236021169	28.5
0.8449988954720227	28.25
0.8458210498853231	28.0
0.8466432042986236	27.75
0.8474653587119241	27.5
0.8482926729325287	27.25
0.8491199871531334	27.0
0.8499540206788448	26.75
0.8507880542045563	26.5
0.8516220877302677	26.25
0.8524658080927812	26.0
0.8533095284552946	25.75
0.8541532488178081	25.5
0.8550054757719874	25.25
0.8558577027261667	25.0
0.8567136851642713	24.75
0.8575696676023759	24.5
0.8584345830348997	24.25
0.8592994984674236	24.0
0.8601644138999475	23.75
0.8610394299819845	23.5
0.8619144460640215	23.25
0.8627894621460585	23.0
0.8636745353034159	22.75
0.8645596084607733	22.5
0.8654446816181307	22.25
0.8663404160192488	22.0
0.867236150420367	21.75
0.8681355042644817	21.5
0.8690385252492159	21.25
0.8699452623283861	21.0
0.8708557657599314	20.75
0.8717700871562293	20.5
0.8726882795369413	20.25
0.8736103973845452	20.0
0.8745364967028457	19.75
0.8754666350780694	19.5
0.8764008717417854	19.25
0.8773392676462144	19.0
0.8782818855251613	18.75
0.8792287899764146	18.5
0.8801800475395145	18.25
0.88113572677951	18.0
0.8820958983753189	17.75
0.8830606352125665	17.5
0.8840300124798613	17.25
0.8850041077783758	17.0
0.8859830012222317	16.75
0.8869667754943135	16.5
0.8879555163266266	16.25
0.8889486092611986	16.0
0.8899475900375975	15.75
0.8909518132785139	15.5
0.891961377193873	15.25
0.8929761169386188	15.0
0.8939966951118348	14.75
0.8950229317368253	14.5
0.896054940271999	14.25
0.8970927621665732	14.0
0.8981366903681933	13.75
0.8991867592824477	13.5
0.9002430967543745	13.25
0.9013058631823592	13.0
0.9023752017844123	12.75
0.9034515283490937	12.5
0.9045344542517795	12.25
0.9056244144307581	12.0
0.9067215811738113	11.75
0.9078261348176835	11.5
0.9089382642990178	11.25
0.9100581677536235	11.0
0.9111860531717045	10.75
0.9123221390952718	10.5
0.9134666555226338	10.25
0.9146197384668259	10.0
0.9157818578216366	9.75
0.9169531747962889	9.5
0.9181339743294247	9.25
0.9193245580350246	9.0
0.9205252456334829	8.75
0.9217363765348541	8.5
0.9229583116806658	8.25
0.9241913956416224	8.0
0.9254361205131421	7.75
0.9266928827133062	7.5
0.9279621363245371	7.25
0.9292444179875803	7.0
0.9305402234108332	6.75
0.9318504373953138	6.5
0.9331751766570522	6.25
0.9345153706568665	6.0
0.9358717640686299	5.75
0.93724507630996	5.5
0.9386363847172831	5.25
0.9400465679968142	5.0
0.9414763818203595	4.75
0.9429275354979905	4.5
0.9444011797791992	4.25
0.9458985932668964	4.0
0.9474219531526293	3.75
0.9489725600904211	3.5
0.9505528063534576	3.25
0.9521651937145728	3.0
0.9538125391477008	2.75
0.9554979530942272	2.5
0.9572256686598839	2.25
0.959000119879534	2.0
0.9608270661460536	1.75
0.9627135910395784	1.5
0.9646682773725453	1.25
0.9667027627777405	1.0
0.9688321070329796	0.75
0.9711021511644984	0.5
0.9763314953776109	0.25
0.9760516914567513	0.0
