0.02394830854324873	0.0
0.02473052264896256	1.0
0.025461861985121882	2.0
0.026161634039489286	3.0
0.026838982559053336	4.0
0.027498593146998797	5.0
0.028151832087330554	6.0
0.02879049576416022	7.0
0.029420120412846366	8.0
0.03004165110283324	9.0
0.030657818555480134	10.0
0.03126713414540581	11.0
0.03187190922169683	12.0
0.032472571994081025	13.0
0.033069035814444925	14.0
0.0336618641752155	15.0
0.034251538020468306	16.0
0.0348382783858329	17.0
0.03542227681737801	18.0
0.036003708332030156	19.0
0.036582822237147934	20.0
0.03715974083411581	21.0
0.03773459743776424	22.0
0.038307507899574864	23.0
0.0388785729932406	24.0
0.03944780052343673	25.0
0.04001541613994301	26.0
0.04058141647022713	27.0
0.04114585878515661	28.0
0.04170879256903065	29.0
0.04227026039355209	30.0
0.04283029868024833	31.0
0.043388938364537784	32.0
0.043946205476883174	33.0
0.04450217883127004	34.0
0.04505676602820808	35.0
0.04561003423667891	36.0
0.046161994414340574	37.0
0.04671265463773428	38.0
0.04726202038441991	39.0
0.047810080019650314	40.0
0.048356866579689496	41.0
0.04890236220059597	42.0
0.04944656426108915	43.0
0.04998946856760336	44.0
0.05053106949783595	45.0
0.05107136012376835	46.0
0.051610332305803135	47.0
0.052147985844142423	48.0
0.05268429609230527	49.0
0.0532192570477055	50.0
0.053752866762900905	51.0
0.054289106651112605	52.0
0.05482004469165113	53.0
0.05534958592602055	54.0
0.055877716115009635	55.0
0.05640442139122998	56.0
0.05692968730604679	57.0
0.0574534991226193	58.0
0.05797584186280408	59.0
0.05849670035053514	60.0
0.05901605925212983	61.0
0.05953390311375292	62.0
0.06005021639626059	63.0
0.06056498350762057	64.0
0.06107818883309335	65.0
0.06158981676333629	66.0
0.062099851720578185	67.0
0.06260827818300135	68.0
0.06311508070745411	69.0
0.06362024395060469	70.0
0.06412375268864073	71.0
0.0646255918356083	72.0
0.06512574646047493	73.0
0.06562420180299806	74.0
0.0661209432884724	75.0
0.06661595654142076	76.0
0.0671088732789293	77.0
0.06760037849441035	78.0
0.0680918837098914	79.0
0.06857806499200186	80.0
0.06906422025281218	81.0
0.06954856528245641	82.0
0.07003108794688587	83.0
0.07051177583672942	84.0
0.07099061684324656	85.0
0.07146759914749627	86.0
0.07194271122570844	87.0
0.07241594185408358	88.0
0.07288728011307608	89.0
0.0733567153911893	90.0
0.07382423738830643	91.0
0.07428983611858052	92.0
0.07475350191290338	93.0
0.07521522542097588	94.0
0.07567499761299816	95.0
0.07613280978099726	96.0
0.0765886535398108	97.0
0.07704252082774429	98.0
0.07749440390691403	99.0
0.07794429536329738	100.0
0.07839218810649655	101.0
0.07883807536923852	102.0
0.079281950706617	103.0
0.07972380799509352	104.0
0.0801636414312686	105.0
0.08060144553043432	106.0
0.08103721512492021	107.0
0.08147094536224296	108.0
0.08190263170306891	109.0
0.082332269919003	110.0
0.08275985609021012	111.0
0.083185386602878	112.0
0.08360885814653592	113.0
0.08403026771122847	114.0
0.08444961258456457	115.0
0.08486689034863441	116.0
0.08528209887682092	117.0
0.08569523633049424	118.0
0.08610630115561003	119.0
0.0865152920792104	120.0
0.08692220810584098	121.0
0.08732704851388198	122.0
0.08773188892192299	123.0
0.08813050035746119	124.0
0.08852911179299938	125.0
0.08892772322853758	126.0
0.08932010916129768	127.0
0.08971249509405778	128.0
0.09010488102681788	129.0
0.0904910496999645	130.0
0.09087721837311111	131.0
0.09126338704625772	132.0
0.09164335785805111	133.0
0.0920233286698445	134.0
0.09240329948163789	135.0
0.092777088147648	136.0
0.0931508768136581	137.0
0.09352466547966821	138.0
0.09389231361625594	139.0
0.09425996175284367	140.0
0.09462556040433906	141.0
0.09499115905583445	142.0
0.09535065207250243	143.0
0.0957101450891704	144.0
0.0960676232512259	145.0
0.09642510141328141	146.0
0.09677650915778428	147.0
0.09712791690228716	148.0
0.09747734996674766	149.0
0.09782678303120816	150.0
0.09817018622182791	151.0
0.09851358941244766	152.0
0.09885506313161865	153.0
0.09919653685078965	154.0
0.09952823798394124	155.0
0.09985993911709283	156.0
0.10019739377928127	157.0
0.10053484844146972	158.0
0.10085873944687608	159.0
0.10118263045228244	160.0
0.10151233149830131	161.0
0.10184203254432019	162.0
0.10215822009750955	163.0
0.10247829843809164	164.0
0.10279646856366974	165.0
0.10311463868924783	166.0
0.10342527340052683	167.0
0.10373590811180583	168.0
0.10404654282308483	169.0
0.10435718510040641	170.0
0.10466782737772799	171.0
0.10497846965504957	172.0
0.10527237009834307	173.0
0.10556627054163657	174.0
0.1058733093122191	175.0
0.10618034808280162	176.0
0.10646697187949306	177.0
0.10675359567618449	178.0
0.10705342946303209	179.0
0.10735326324987969	180.0
0.1076327405039126	181.0
0.1079122177579455	182.0
0.10820497939123129	183.0
0.10849774102451708	184.0
0.10877020598691152	185.0
0.10904267094930596	186.0
0.10932746489166971	187.0
0.10961225883403346	188.0
0.10987897324025614	189.0
0.11014568764647882	190.0
0.11042368801837617	191.0
0.11070168839027351	192.0
0.11096167244359491	193.0
0.1112216564969163	194.0
0.11149300194373876	195.0
0.11176434739056122	196.0
0.11201773896321134	197.0
0.11227113053586145	198.0
0.11253595715764225	199.0
0.11280078377942306	200.0
0.11304765202690685	201.0
0.11329452027439064	202.0
0.11355312375771928	203.0
0.11381172724104792	204.0
0.11405226843485175	205.0
0.11429280962865558	206.0
0.11454541067817409	207.0
0.11479801172769259	208.0
0.11504682065791284	209.0
0.1152956295881331	210.0
0.11552753564431929	211.0
0.11575944170050549	212.0
0.1160022423584568	213.0
0.1162450430164081	214.0
0.1164693451331879	215.0
0.11669364724996768	216.0
0.11693239366994355	217.0
0.11717114008991943	218.0
0.11738964874618439	219.0
0.11761612814958587	220.0
0.11784260755298735	221.0
0.11806908695638883	222.0
0.11828705635522756	223.0
0.11850502575406628	224.0
0.118722995152905	225.0
0.11894096455174373	226.0
0.11915893395058245	227.0
0.11937690334942118	228.0
0.1195948727482599	229.0
0.11979794085823292	230.0
0.12000100896820594	231.0
0.12021935787082594	232.0
0.12043770677344594	233.0
0.1206355001521532	234.0
0.12083329353086046	235.0
0.12104643743821322	236.0
0.12125958134556598	237.0
0.12145222706107593	238.0
0.12164487277658588	239.0
0.12183751849209583	240.0
0.12204886138582437	241.0
0.1222602042795529	242.0
0.1224421859616786	243.0
0.12262416764380431	244.0
0.12282939081386163	245.0
0.12303461398391895	246.0
0.12321167298871308	247.0
0.12338873199350721	248.0
0.12358978234565635	249.0
0.12379503458453935	250.0
0.12398135333855384	251.0
0.12416767209256833	252.0
0.12435399084658283	253.0
0.1245333533627127	254.0
0.12471271587884258	255.0
0.12489207839497246	256.0
0.12507144091110234	257.0
0.12525080342723222	258.0
0.1254301659433621	259.0
0.12560952845949197	260.0
0.12577341235419598	261.0
0.1259372962489	262.0
0.126101180143604	263.0
0.12628816755798825	264.0
0.1264751549723725	265.0
0.12662681052904184	266.0
0.12678193038171576	267.0
0.12698217433952547	268.0
0.12714874337543894	269.0
0.1273153124113524	270.0
0.12748188144726588	271.0
0.12764845048317935	272.0
0.12779469872970972	273.0
0.12794746054870215	274.0
0.12810022236769458	275.0
0.1282893087524168	276.0
0.1284366384491906	277.0
0.1285839681459644	278.0
0.1287426300469591	279.0
0.1289075595353971	280.0
0.12905348294157357	281.0
0.129210496412905	282.0
0.12936959789262822	283.0
0.12952201139307837	284.0
0.1296744248935285	285.0
0.12982282531837275	286.0
0.12996889433778774	287.0
0.1301079753755996	288.0
0.1302639080602794	289.0
0.13041984074495921	290.0
0.13054731225791222	291.0
0.1306923815901151	292.0
0.13083529426749152	293.0
0.13097820694486795	294.0
0.13112111962224438	295.0
0.13128311200852602	296.0
0.13140337251665074	297.0
0.13154228913571642	298.0
0.1316812057547821	299.0
0.13183895272518942	300.0
0.6578424202175689	300.0
0.6579906669761353	299.0
0.6581756915617079	298.0
0.6583607161472804	297.0
0.6585769434712174	296.0
0.6587236317909946	295.0
0.6589158768399095	294.0
0.6591081218888244	293.0
0.6593003669377393	292.0
0.6595383413072573	291.0
0.6597516564469518	290.0
0.6599293606127119	289.0
0.660107064778472	288.0
0.6603137680784433	287.0
0.6605504181928386	286.0
0.6607264674175095	285.0
0.6609529646254654	284.0
0.6611794618334212	283.0
0.6612408074092204	282.0
0.6614338934009761	281.0
0.6616773572475777	280.0
0.661856314076538	279.0
0.6620967578789378	278.0
0.6623238045787504	277.0
0.662550851278563	276.0
0.662717374299015	275.0
0.6629693145267405	274.0
0.6632212547544659	273.0
0.6634481276887261	272.0
0.6636765523196816	271.0
0.6639049769506371	270.0
0.6641334015815926	269.0
0.6643618262125481	268.0
0.6645410012815695	267.0
0.6647940428567615	266.0
0.665092612091676	265.0
0.665315794320838	264.0
0.6655389765499999	263.0
0.6657930294247383	262.0
0.6660470822994766	261.0
0.666301135174215	260.0
0.6665540354667548	259.0
0.6668069357592947	258.0
0.6670598360518346	257.0
0.6673127363443745	256.0
0.6675656366369144	255.0
0.6678185369294543	254.0
0.6680714372219941	253.0
0.6683364998555091	252.0
0.6686015624890241	251.0
0.6688666251225391	250.0
0.6691498173230964	249.0
0.6694100274773155	248.0
0.6696934565890392	247.0
0.669976885700763	246.0
0.6702465318518641	245.0
0.6705161780029653	244.0
0.6708081419901228	243.0
0.6711001059772804	242.0
0.6713766566024806	241.0
0.6716532072276807	240.0
0.6719519092175575	239.0
0.6722506112074343	238.0
0.6725493131973111	237.0
0.6728420955273496	236.0
0.6731348778573881	235.0
0.6734430129746097	234.0
0.6737511480918313	233.0
0.6740535598419714	232.0
0.6743559715921114	231.0
0.6746739285197584	230.0
0.6749918854474054	229.0
0.6753158987855225	228.0
0.6756399121236395	227.0
0.6759639254617565	226.0
0.6762879387998736	225.0
0.6766119521379906	224.0
0.6769359654761077	223.0
0.6772599788142247	222.0
0.6776004914062167	221.0
0.6779410039982087	220.0
0.6782815165902006	219.0
0.678680930909233	218.0
0.679011410160899	217.0
0.6793418894125651	216.0
0.6797133070579292	215.0
0.6800847247032933	214.0
0.6804297438302107	213.0
0.6807747629571281	212.0
0.6811553812293992	211.0
0.6815359995016703	210.0
0.6818931284760446	209.0
0.6822502574504188	208.0
0.6826197077655006	207.0
0.6829891580805825	206.0
0.6833820952685192	205.0
0.683775032456456	204.0
0.6841577195824262	203.0
0.6845404067083964	202.0
0.6849464425097557	201.0
0.6853524783111149	200.0
0.6857488212760765	199.0
0.6861451642410381	198.0
0.6865647685365517	197.0
0.6869843728320653	196.0
0.6873946930787042	195.0
0.687805013325343	194.0
0.6882388872890274	193.0
0.6886727612527117	192.0
0.689097665124216	191.0
0.6895225689957203	190.0
0.6899713294535819	189.0
0.6904200899114434	188.0
0.6908602077710742	187.0
0.6913003256307049	186.0
0.6917664499201052	185.0
0.6922325742095055	184.0
0.6926868667162481	183.0
0.6931411592229908	182.0
0.6936234768684171	181.0
0.6941057945138434	180.0
0.6945766417832178	179.0
0.6950474890525922	178.0
0.6955467073774003	177.0
0.6960459257022085	176.0
0.696534052450542	175.0
0.6970221791988755	174.0
0.6975390392082784	173.0
0.6980558992176813	172.0
0.6985681808439458	171.0
0.6990804624702103	170.0
0.6995927440964748	169.0
0.7001282705612502	168.0
0.7006637970260255	167.0
0.7011993234908009	166.0
0.7017464414837385	165.0
0.7022935594766762	164.0
0.702877337674632	163.0
0.7034394002563664	162.0
0.7039969446412033	161.0
0.7045544890260402	160.0
0.7051370813782012	159.0
0.7057196737303622	158.0
0.7062982166329271	157.0
0.7068767595354921	156.0
0.7074808078432314	155.0
0.7080848561509707	154.0
0.7086918285314566	153.0
0.7092988009119425	152.0
0.7099188951991726	151.0
0.7105389894864027	150.0
0.7111688986462434	149.0
0.7117988078060842	148.0
0.712442357779991	147.0
0.7130859077538978	146.0
0.7137398082895251	145.0
0.7143937088251524	144.0
0.7150617971043428	143.0
0.7157298853835332	142.0
0.7164088890481588	141.0
0.7170878927127844	140.0
0.7177816613153006	139.0
0.7184754299178169	138.0
0.7191828539994899	137.0
0.7198902780811629	136.0
0.7205977021628359	135.0
0.7213288967360634	134.0
0.7220600913092908	133.0
0.7227912858825183	132.0
0.7235422774737423	131.0
0.7242932690649664	130.0
0.7250442606561904	129.0
0.7258181632850609	128.0
0.7265920659139313	127.0
0.7273659685428018	126.0
0.7281624034456344	125.0
0.7289588383484671	124.0
0.7297552732512997	123.0
0.7305756581650301	122.0
0.7313960430787605	121.0
0.7322245388476207	120.0
0.7330612435730514	119.0
0.7339062568534547	118.0
0.7347596798178069	117.0
0.7356216151604446	116.0
0.7364921671771054	115.0
0.7373714418022568	114.0
0.7382595466478041	113.0
0.7391565910432114	112.0
0.7400626860771405	111.0
0.7409779446406548	110.0
0.7419024814720852	109.0
0.7428364132036294	108.0
0.7437798584097819	107.0
0.7447329376576846	106.0
0.745695773559493	105.0
0.7466684908268777	104.0
0.7476512163277529	103.0
0.7486440791453682	102.0
0.749647210639881	101.0
0.7506607445125442	100.0
0.7516848168726534	99.0
0.752719566307408	98.0
0.7537651339548402	97.0
0.7548216635799884	96.0
0.7558893016545002	95.0
0.7569681974398567	94.0
0.7580585030744275	93.0
0.7591603736645784	92.0
0.760273967380071	91.0
0.7613994455540095	90.0
0.7625369727876015	89.0
0.763686717060029	88.0
0.764848849843739	87.0
0.7660235462254895	86.0
0.7672109850335073	85.0
0.7684113489711466	84.0
0.7696248247574924	83.0
0.7708516032754112	82.0
0.7720918799841898	81.0
0.7733458564295566	80.0
0.7746154751065563	79.0
0.7759117066711598	78.0
0.7772079382357634	77.0
0.7785193401380994	76.0
0.7798448658498203	75.0
0.7811853898377108	74.0
0.7825411485993975	73.0
0.7839123848066029	72.0
0.785299347575751	71.0
0.7867022927550738	70.0
0.7881214832294734	69.0
0.7895571892445026	68.0
0.7910096887509461	67.0
0.7924792677716316	66.0
0.7939662207922541	65.0
0.7954708511781593	64.0
0.7969934716192377	63.0
0.798534404605275	62.0
0.8000939829343654	61.0
0.8016725502572347	60.0
0.8032704616606409	59.0
0.8048880842933472	58.0
0.806525798038527	57.0
0.808183996236916	56.0
0.8098630864651017	55.0
0.8115634913781103	54.0
0.8132856481105895	53.0
0.8150300189540977	52.0
0.8167899331940798	51.0
0.8185803154825747	50.0
0.8203944006348581	49.0
0.8222327062342994	48.0
0.824095781855812	47.0
0.8259842372989242	46.0
0.8278986662871131	45.0
0.8298397073967155	44.0
0.8318080297640121	43.0
0.8338043354725602	42.0
0.8358293621587476	41.0
0.8378838857950092	40.0
0.839968754375495	39.0
0.8420847730900213	38.0
0.8442328799377538	37.0
0.8464140396500606	36.0
0.8486292749665342	35.0
0.8508796723251238	34.0
0.8531662940408122	33.0
0.8554905665656879	32.0
0.8578537055593835	31.0
0.860257120808996	30.0
0.8627023254265398	29.0
0.8651909474910366	28.0
0.8677247434623568	27.0
0.8703056138010106	26.0
0.87293562050479	25.0
0.8756171265879008	24.0
0.8783523327193145	23.0
0.8811440650873761	22.0
0.8839952871032488	21.0
0.8869092771469136	20.0
0.8898896794052911	19.0
0.8929406177184812	18.0
0.8960665557058802	17.0
0.8992727253818612	16.0
0.9025651069794199	15.0
0.9059505755852657	14.0
0.9094367626140962	13.0
0.9130329799967923	12.0
0.9167501823626204	11.0
0.9206016803012016	10.0
0.9246034829779852	9.0
0.9287757229430245	8.0
0.9331440905040288	7.0
0.9377425952753027	6.0
0.9426148416737268	5.0
0.9478305332068788	4.0
0.9534872282685902	3.0
0.9597554358063534	2.0
0.9669708266245824	1.0
0.9760516914567513	0.0
