0.02394830854324873	0.0
0.024145953327163287	0.25
0.024355892875290698	0.5
0.024536901821466853	0.75
0.024723377125892496	1.0
0.02490600888253968	1.25
0.025085700666826992	1.5
0.025261942751790018	1.75
0.025435960727798374	2.0
0.02560698486066779	2.25
0.02577626626638844	2.5
0.025942895273941127	2.75
0.026108228402977107	3.0
0.02627172245987416	3.25
0.026432784432525423	3.5
0.026592964791671166	3.75
0.026750989837078718	4.0
0.026908107758994323	4.25
0.02706333239310991	4.5
0.02721776490468769	4.75
0.027370471420462728	5.0
0.027522036076863928	5.25
0.0276725175676162	5.5
0.027821692718318025	5.75
0.02799019589078285	6.0
0.02814001554648105	6.25
0.028289045601471843	6.5
0.028437107081823263	6.75
0.02858431704776467	7.0
0.02873040180631523	7.25
0.028876168258692037	7.5
0.029021428480425	7.75
0.029165719375436213	8.0
0.029309377642219313	8.25
0.029452742594974973	8.5
0.02959499626415879	8.75
0.02973680005952008	9.0
0.029878000471798984	9.25
0.03001861371889074	9.5
0.03015865513122228	9.75
0.030298139256557773	10.0
0.030437079834113184	10.25
0.030575490027005086	10.5
0.030713116945311515	10.75
0.03085050849515901	11.0
0.030987418493986115	11.25
0.031123873894178984	11.5
0.03125981995167003	11.75
0.03139530032139454	12.0
0.0315302115631479	12.25
0.0316648005372183	12.5
0.03179897465363019	12.75
0.031932767611556466	13.0
0.032066069322543925	13.25
0.03219895638145528	13.5
0.03233143687629739	13.75
0.03246351830491277	14.0
0.03259520773170316	14.25
0.03272651187036863	14.5
0.032857437162701404	14.75
0.03298798966333902	15.0
0.03311817536850332	15.25
0.03324799988446552	15.5
0.03337746868237715	15.75
0.033506587016245745	16.0
0.03363535995114	16.25
0.03376379237322702	16.5
0.03389188899888783	16.75
0.03401965438306604	17.0
0.0341470929269742	17.25
0.03427420888524941	17.5
0.03440100637262692	17.75
0.0345274893701865	18.0
0.034653661731214876	18.25
0.03477952718672055	18.5
0.03490508935063202	18.75
0.035030351724704534	19.0
0.0351553177031587	19.25
0.03527999057707115	19.5
0.035404373538534394	19.75
0.03552846968460203	20.0
0.035652282021033724	20.25
0.03577581346585347	20.5
0.03589906685273184	20.75
0.03602204493420434	21.0
0.03614475038473521	21.25
0.036267185803636026	21.5
0.036389353717848044	21.75
0.03651125658459524	22.0
0.0366328967939167	22.25
0.03675427667108405	22.5
0.036875398478910734	22.75
0.03699626441995927	23.0
0.0371168766386518	23.25
0.03723723722328892	23.5
0.037357348207981776	23.75
0.037477211574502775	24.0
0.03759663037876359	24.25
0.03771600275142	24.5
0.03783513317543955	24.75
0.03795402344222044	25.0
0.038072675296643745	25.25
0.038191090441054856	25.5
0.038309270536455865	25.75
0.038427450631856874	26.0
0.038544931993601324	26.25
0.03866241335534577	26.5
0.03877989471709022	26.75
0.03889663281572665	27.0
0.039013370914363084	27.25
0.039130109012999514	27.5
0.03924636462323146	27.75
0.0393626202334634	28.0
0.039478875843695346	28.25
0.03959410035838407	28.5
0.0397093248730728	28.75
0.03982483249792883	29.0
0.039940340122784856	29.25
0.04005470261354669	29.5
0.040169065104308524	29.75
0.04028342759507036	30.0
0.04039791186228078	30.25
0.04051239612949121	30.5
0.040626880396701634	30.75
0.04073923221318332	31.0
0.040851584029665	31.25
0.04096574363923923	31.5
0.04107990324881346	31.75
0.04119143585134773	32.0
0.041302968453882	32.25
0.04141631649112421	32.5
0.04152966452836643	32.75
0.04164039267959241	33.0
0.04175112083081839	33.25
0.04186367151866176	33.5
0.041976222206505126	33.75
0.04208615958812245	34.0
0.04219609696973978	34.25
0.0423078634732447	34.5
0.042419629976749626	34.75
0.042528789268090984	35.0
0.04263794855943234	35.25
0.042748943093712764	35.5
0.042859937627993186	35.75
0.04296833060742994	36.0
0.04307672358686669	36.25
0.04318695751241292	36.5
0.043297191437959154	36.75
0.04340482907260136	37.0
0.04351246670724357	37.25
0.043621950614364496	37.5
0.043731434521485424	37.75
0.043838327046755436	38.0
0.04394521957202545	38.25
0.04405505094210507	38.5
0.0441648823121847	38.75
0.04426997473881265	39.0
0.044375067165440596	39.25
0.044484168011474874	39.5
0.04459326885750915	39.75
0.04469763475600708	40.0
0.044802000654505014	40.25
0.04491037955699965	40.5
0.04501875845949428	40.75
0.04512240626287314	41.0
0.04522605406625199	41.25
0.04533371920223904	41.5
0.04544138433822609	41.75
0.0455443219886456	42.0
0.045647259639065116	42.25
0.04575421871823915	42.5
0.04586117779741318	42.75
0.04596341279151623	43.0
0.04606564778561928	43.25
0.0461719080933122	43.5
0.046278168401005126	43.75
0.04637970783070303	44.0
0.04648124726040094	44.25
0.04658681569626616	44.5
0.04669238413213138	44.75
0.04679323472134926	45.0
0.04689408531056714	45.25
0.04699896842346102	45.5
0.04710385153635489	45.75
0.04720401967419095	46.0
0.04730418781202701	46.25
0.04740839183151123	46.5
0.047512595850995445	46.75
0.04761208762169053	47.0
0.047711579392385614	47.25
0.047815110257218914	47.5
0.047918641122052213	47.75
0.04801746233211409	48.0
0.04811628354217597	48.25
0.04821914692611845	48.5
0.048322010310060934	48.75
0.04842016651284483	49.0
0.048518322715628726	49.25
0.048620524050839865	49.5
0.048722725386051005	49.75
0.0488202219040613	50.0
0.0489177184220716	50.25
0.049019262920349874	50.5
0.04912080741862815	50.75
0.04921753645461568	51.0
0.04931426549060321	51.25
0.04941527232799116	51.5
0.04951627916537911	51.75
0.04961235862916489	52.0
0.04970843809295067	52.25
0.04980879800836071	52.5
0.04990915792377075	52.75
0.05000459254648843	53.0
0.05010002716920611	53.25
0.05019974482500446	53.5
0.0502994624808028	53.75
0.05039425684943802	54.0
0.05048905121807323	54.25
0.05058813112390885	54.5
0.05068721102974447	54.75
0.05078136958528052	55.0
0.05087552814081657	55.25
0.05097397466691213	55.5
0.051072421193007686	55.75
0.05116594824312113	56.0
0.051259475293234574	56.25
0.05135729268250275	56.5
0.05145511007177092	56.75
0.05154800980240651	57.0
0.051640909533042095	57.25
0.05173810191213218	57.5
0.05183529429122226	57.75
0.0519275707771448	58.0
0.05201984726306734	58.25
0.0521164186524328	58.5
0.05221299004179826	58.75
0.05230464725620631	59.0
0.05239630447061436	59.25
0.05249225879367998	59.5
0.05258821311674561	59.75
0.05267925494001759	60.0
0.05277029676328958	60.25
0.05286563785478458	60.5
0.05296097894627959	60.75
0.05305140917391399	61.0
0.05314183940154839	61.25
0.053236571015056404	61.5
0.05333130262856442	61.75
0.05342112497835697	62.0
0.053510947328149525	62.25
0.05360507314291313	62.5
0.05369919895767673	62.75
0.05378841707616222	63.0
0.05387763519464771	63.25
0.05397115882164071	63.5
0.054064682448633716	63.75
0.054153299916790375	64.0
0.05424191738494703	64.25
0.05433484237219704	64.5
0.054427767359447043	64.75
0.054515787697621845	65.0
0.05460380803579665	65.25
0.054696137872881065	65.5
0.05478846770996548	65.75
0.05487589438190247	66.0
0.054963321053839456	66.25
0.05505505917537965	66.5
0.05514679729691985	66.75
0.05523362025929784	67.0
0.05532044322167583	67.25
0.055411608909924026	67.5
0.055502774598172225	67.75
0.055589010779779735	68.0
0.055675246961387245	68.25
0.055765827772929905	68.5
0.055856408584472564	68.75
0.05594206131103084	69.0
0.05602771403758912	69.25
0.056117713274358084	69.5
0.05620771251112705	69.75
0.05629278506127656	70.0
0.056377857611426066	70.25
0.05646727852271019	70.5
0.056556699433994315	70.75
0.05664119502708524	71.0
0.05672569062017617	71.25
0.05681453638408773	71.5
0.056903382147999296	71.75
0.05698730390996781	72.0
0.05707122567193633	72.25
0.057159499330057595	72.5
0.05724777298817886	72.75
0.057336046646300126	73.0
0.05741673795023436	73.25
0.05749742925416859	73.5
0.057587511674788004	73.75
0.05767759409540742	74.0
0.057757717868376926	74.25
0.057837841641346435	74.5
0.05792737113249746	74.75
0.05801690062364849	75.0
0.058101607917940466	75.25
0.05818631521223244	75.5
0.05827015601169167	75.75
0.0583539968111509	76.0
0.058438143862766266	76.25
0.05852229091438163	76.5
0.05860557334512709	76.75
0.058688855775872545	77.0
0.058772445953422334	77.25
0.05885603613097212	77.5
0.05893876332408333	77.75
0.05902149051719453	78.0
0.05910452694566282	78.25
0.059187563374131114	78.5
0.059269738446006574	78.75
0.059351913517882035	79.0
0.059434399308280345	79.25
0.059516885098678654	79.5
0.05959851115248538	79.75
0.0596801372062921	80.0
0.05976207545702554	80.25
0.05984401370775898	80.5
0.059925093834725905	80.75
0.06000617396169283	81.0
0.06008756775978837	81.25
0.06016896155788391	81.5
0.0602494988384646	81.75
0.06033003611904529	82.0
0.060410888541251706	82.25
0.06049174096345812	82.5
0.06057173846837063	82.75
0.06065173597328313	83.0
0.06073205008705619	83.25
0.06081236420082925	83.5
0.0608918249919826	83.75
0.060971285783135945	84.0
0.061051064647513496	84.25
0.06113084351189105	84.5
0.06120977064320955	84.75
0.061288697774528056	85.0
0.06136794444090607	85.25
0.06144719110728408	85.5
0.06152558762543424	85.75
0.061603984143584395	86.0
0.06168270165640121	86.25
0.061761419169218026	86.5
0.06183928811424872	86.75
0.061917157059279415	87.0
0.06199534845661388	87.25
0.06207353985394834	87.5
0.062150884259848604	87.75
0.06222822866574887	88.0
0.06230589697984143	88.25
0.06238356529393399	88.5
0.06246038818911612	88.75
0.06253721108429824	89.0
0.06261435934199994	89.25
0.06269150759970163	89.5
0.06276781200741413	89.75
0.06284411641512663	90.0
0.06292074763828105	90.25
0.06299737886143547	90.5
0.06307316780011454	90.75
0.06314895673879362	91.0
0.06322507394455831	91.25
0.06330119115032301	91.5
0.06337646763388326	91.75
0.0634517441174435	92.0
0.06352735031855493	92.25
0.06360295651966635	92.5
0.06367772355773936	92.75
0.06375249059581237	93.0
0.06382758880079968	93.25
0.063902687005787	93.5
0.06397694760390923	93.75
0.06405120820203147	94.0
0.06412580141538285	94.25
0.06420039462873423	94.5
0.06427415178849036	94.75
0.06434790894824649	95.0
0.06442200017053169	95.25
0.0644960913928169	95.5
0.06456934811194211	95.75
0.06464260483106732	96.0
0.06471619705902049	96.25
0.06478978928697365	96.5
0.06486254855941663	96.75
0.0649353078318596	97.0
0.06500840405842669	97.25
0.06508150028499377	97.5
0.06515376510094628	97.75
0.0652260299168988	98.0
0.06529863313125016	98.25
0.06537123634560152	98.5
0.06544300969149566	98.75
0.0655147830373898	99.0
0.06558689622490402	99.25
0.06565900941241823	99.5
0.06573029427089493	99.75
0.06580157912937162	100.0
0.06587320527159127	100.25
0.06594483141381091	100.5
0.06601563076366238	100.75
0.06608643011351384	101.0
0.0661575721880758	101.25
0.06622871426263777	101.5
0.06629903107872566	101.75
0.06636934789481355	102.0
0.06644000887535828	102.25
0.06651066985590301	102.5
0.06658050710905579	102.75
0.06665034436220857	103.0
0.06672052721826645	103.25
0.06679071007432433	103.5
0.066860070731216	103.75
0.06692943138810767	104.0
0.06699913908496877	104.25
0.06706884678182987	104.5
0.06713773380483884	104.75
0.06720662082784781	105.0
0.06727585632641597	105.25
0.06734509182498413	105.5
0.06741350817203869	105.75
0.06748192451909324	106.0
0.06755069077572268	106.25
0.06761945703235211	106.5
0.06768740565676179	106.75
0.06775535428117146	107.0
0.06782365424749318	107.25
0.06789195421381489	107.5
0.06795943806408829	107.75
0.06802692191436169	108.0
0.06809475853709587	108.25
0.06816259515983006	108.5
0.06822961717948416	108.75
0.06829663919913825	109.0
0.0683640154198985	109.25
0.06843139164065876	109.5
0.06849755000746818	109.75
0.0685643473805181	110.0
0.0686310301351233	110.25
0.0686977128897285	110.5
0.06876439564433369	110.75
0.06883107839893889	111.0
0.06889776115354408	111.25
0.06896273802328104	111.5
0.069027714893018	111.75
0.06909462833318109	112.0
0.06916154177334417	112.25
0.06922606777873927	112.5
0.06929059378413437	112.75
0.06935705790137424	113.0
0.06942352201861411	113.25
0.06948760003168479	113.5
0.06955167804475547	113.75
0.06961769575286193	114.0
0.0696837134609684	114.25
0.06974734639360965	114.5
0.0698109793262509	114.75
0.06987655353264488	115.0
0.06994212773903886	115.25
0.07000531849664691	115.5
0.07006850925425497	115.75
0.07013364285975737	116.0
0.07019877646525978	116.25
0.07026152794649608	116.5
0.07032427942773238	116.75
0.0703889753263248	117.0
0.07045367122491723	117.25
0.07051598632147132	117.5
0.07057830141802542	117.75
0.07064256249661285	118.0
0.07070682357520029	118.25
0.07076870517155037	118.5
0.07083058676790045	118.75
0.07089441590607054	119.0
0.07095824504424063	119.25
0.07101969601741497	119.5
0.0710811469905893	119.75
0.07114454706037363	120.0
0.07120794713015795	120.25
0.07126897034949445	120.5
0.07132999356883095	120.75
0.07139296743446642	121.0
0.0714559413001019	121.25
0.07151653962701014	121.5
0.07157713795391839	121.75
0.07163968847160745	122.0
0.07170223898929652	122.25
0.07176241527702093	122.5
0.07182259156474534	122.75
0.07188472158242137	123.0
0.07194685160009741	123.25
0.07200660869348106	123.5
0.07206636578686472	123.75
0.07212807814395564	124.0
0.07218979050104656	124.25
0.07224913123629796	124.5
0.07230847197154937	124.75
0.07236976949874542	125.0
0.07243106702594147	125.25
0.07248999423040421	125.5
0.07254892143486695	125.75
0.07260980695389123	126.0
0.07267069247291551	126.25
0.07272920896483885	126.5
0.0727877254567622	126.75
0.07284820178014395	127.0
0.0729086781035257	127.25
0.0729667866918402	127.5
0.0730248952801547	127.75
0.0730849652110052	128.0
0.0731450351418557	128.25
0.0732027386259515	128.5
0.0732604421100473	128.75
0.07332010844184016	129.0
0.07337977477363301	129.25
0.07343707594314264	129.5
0.07349437711265226	129.75
0.0735536426290066	130.0
0.07361290814536094	130.25
0.07366980977994424	130.5
0.07372671141452754	130.75
0.07378557888899709	131.0
0.07384444636346664	131.25
0.07390095123260076	131.5
0.07395745610173489	131.75
0.0740159282975992	132.0
0.07407440049346352	132.25
0.07413051135623822	132.5
0.07418662221901291	132.75
0.0742447018890741	133.0
0.07430278155913529	133.25
0.07435850116405111	133.5
0.07441422076896693	133.75
0.07447191065535055	134.0
0.07452960054173417	134.25
0.07458493162650615	134.5
0.07464026271127812	134.75
0.07469756554523858	135.0
0.07475486837919905	135.25
0.07480981367056563	135.5
0.07486475896193222	135.75
0.07492167746366332	136.0
0.07497859596539443	136.25
0.07503315817892986	136.5
0.0750877203924653	136.75
0.0751442572709162	137.0
0.0752007941493671	137.25
0.07525497598929895	137.5
0.0753091578292308	137.75
0.07536531578192596	138.0
0.07542147373462112	138.25
0.07547527789365437	138.5
0.07552908205268762	138.75
0.07558486376555251	139.0
0.07564064547841741	139.25
0.07569407463756164	139.5
0.07574750379670588	139.75
0.07580291194389745	140.0
0.07585832009108902	140.25
0.0759113769194926	140.5
0.07596443374789617	140.75
0.07601947099163775	141.0
0.07607450823537933	141.25
0.07612719539016705	141.5
0.07617988254495477	141.75
0.07623455153537825	142.0
0.07628922052580174	142.25
0.07634154065191895	142.5
0.07639386077803616	142.75
0.07644816415302691	143.0
0.07650246752801766	143.25
0.07655442325807861	143.5
0.07660637898813956	143.75
0.0766603193731886	144.0
0.07671425975823763	144.25
0.07676585371237955	144.5
0.07681744766652147	144.75
0.07687102767458165	145.0
0.07692460768264182	145.25
0.07697584246838449	145.5
0.07702707725412715	145.75
0.07708029948547392	146.0
0.07713352171682068	146.25
0.07718439992893106	146.5
0.07723527814104143	146.75
0.07728814518314123	147.0
0.07734101222524102	147.25
0.07739153644560152	147.5
0.07744206066596203	147.75
0.07749457509334326	148.0
0.07754708952072449	148.25
0.07759726231820935	148.5
0.0776474351156942	148.75
0.07769959948982476	149.0
0.07775176386395531	149.25
0.07780158779430911	149.5
0.07785141172466291	149.75
0.07790322859383214	150.0
0.07795504546300137	150.25
0.07800452306872448	150.5
0.07805400067444758	150.75
0.0781054725736542	151.0
0.07815694447286083	151.25
0.07820607828309921	151.5
0.07825521209333759	151.75
0.07830634154418077	152.0
0.07835747099502395	152.25
0.07839946874544597	152.5
0.078449292917194	152.75
0.07849911708894204	153.0
0.07854894126069008	153.25
0.07859876543243811	153.5
0.07864858960418615	153.75
0.07869841377593419	154.0
0.07874823794768222	154.25
0.07879569470146999	154.5
0.07884315145525776	154.75
0.07889391049957889	155.0
0.07894466954390002	155.25
0.07899179265032288	155.5
0.07903891575674575	155.75
0.07908934240748842	156.0
0.0791397690582311	156.25
0.07918656087449787	156.5
0.07923335269076463	156.75
0.07928344940092649	157.0
0.07933354611108835	157.25
0.0793800090843663	157.5
0.07942647205764423	157.75
0.07947624126625674	158.0
0.07952601047486925	158.25
0.07957214703831791	158.5
0.07961828360176658	158.75
0.07966772773382902	159.0
0.07971717186589146	159.25
0.07976298443859192	159.5
0.07980879701129238	159.75
0.07985791847770289	160.0
0.0799070399441134	160.25
0.07995253093100016	160.5
0.07999802191788692	160.75
0.08004373674688933	161.0
0.08008945157589174	161.25
0.0801377164301389	161.5
0.08018598128438605	161.75
0.08023137844198511	162.0
0.08027677559958417	162.25
0.08032472382133946	162.5
0.08037267204309474	162.75
0.08041775373607882	163.0
0.08046283542906289	163.25
0.08051046938047504	163.5
0.08055810333188719	163.75
0.08060287191525593	164.0
0.08064764049862468	164.25
0.08069496252752148	164.5
0.08074228455641828	164.75
0.0807867423708211	165.0
0.08083120018522393	165.25
0.0808782126250586	165.5
0.08092522506489326	165.75
0.08096937443658794	166.0
0.08101352380828263	166.25
0.08106022897809181	166.5
0.081106934147901	166.75
0.08115077738871417	167.0
0.08119462062952733	167.25
0.08124102083389624	167.5
0.08128742103826515	167.75
0.08133096044555549	168.0
0.08137449985284582	168.25
0.08142059738187456	168.5
0.08146669491090329	168.75
0.08150993276753084	169.0
0.08155317062415839	169.25
0.08159896775343042	169.5
0.08164476488270246	169.75
0.08168770345700055	170.0
0.08173064203129864	170.25
0.08177614102185646	170.5
0.08182164001241428	170.75
0.0818642815581647	171.0
0.08190692310391513	171.25
0.08195212620223616	171.5
0.08199732930055718	171.75
0.08203967605696785	172.0
0.08208202281337852	172.25
0.08212693225135634	172.5
0.08217184168933415	172.75
0.08221389588102287	173.0
0.0822559500727116	173.25
0.08230056806763782	173.5
0.08234518606256404	173.75
0.08238694989954269	174.0
0.08242871373652134	174.25
0.08247304249107364	174.5
0.08251737124562593	174.75
0.0825588469232884	175.0
0.08260032260095086	175.25
0.08264436430318203	175.5
0.0826884060054132	175.75
0.0827295957045268	176.0
0.0827707854036404	176.25
0.08281454222697027	176.5
0.08285829905030014	176.75
0.08289920493699762	177.0
0.08294011082369511	177.25
0.0829835849269078	177.5
0.08302705903012049	177.75
0.08306768325589775	178.0
0.08310830748167501	178.25
0.08315150100891336	178.5
0.0831946945361517	178.75
0.08323503923786711	179.0
0.08327538393958252	179.25
0.08331829902034976	179.5
0.083361214101117	179.75
0.08340128140099089	180.0
0.08344134870086477	180.25
0.08348398745002765	180.5
0.08352662619919053	180.75
0.08356641820480847	181.0
0.0836062102104264	181.25
0.08364857472821811	181.5
0.08369093924600983	181.75
0.08373045805033008	182.0
0.08376997685465033	182.25
0.08381206922667732	182.5
0.0838541615987043	182.75
0.08389340928006338	183.0
0.08393265696142245	183.25
0.08397447925867244	183.5
0.08401630155592242	183.75
0.08405528017804342	184.0
0.08409425880016443	184.25
0.08413581307901721	184.5
0.08417736735787	184.75
0.08421607896987351	185.0
0.08425479058187703	185.25
0.08429607888411454	185.5
0.08433736718635206	185.75
0.08437581382276967	186.0
0.08441426045918728	186.25
0.08445528481200458	186.5
0.08449630916482188	186.75
0.0845344928456064	187.0
0.0845726765263909	187.25
0.08461343894241194	187.5
0.08465420135843298	187.75
0.08469212408897271	188.0
0.08473004681951245	188.25
0.08477054929680215	188.5
0.08481105177409186	188.75
0.08484871554522516	189.0
0.08488637931635847	189.25
0.08492662383843777	189.5
0.08496686836051708	189.75
0.08500427514854529	190.0
0.08504168193657351	190.25
0.08508167047243352	190.5
0.08512165900829353	190.75
0.08515881077499586	191.0
0.08519596254169819	191.25
0.08523569704581234	191.5
0.08527543154992649	191.75
0.08531233024257329	192.0
0.08534922893522008	192.25
0.08538871134756049	192.5
0.08542819375990089	192.75
0.08546484131126443	193.0
0.08550148886262797	193.25
0.08554072110867285	193.5
0.08557995335471773	193.75
0.0856163516830865	194.0
0.08565275001145527	194.25
0.0856917340022017	194.5
0.08573071799294814	194.75
0.08576686900213129	195.0
0.08580302001131444	195.25
0.08584175764328385	195.5
0.08588049527525325	195.75
0.08591640085458824	196.0
0.08595230643392322	196.25
0.08599079958916624	196.5
0.08602929274440925	196.75
0.08606495476876361	197.0
0.08610061679311797	197.25
0.08613886733921176	197.5
0.08617711788530556	197.75
0.08621253821507262	198.0
0.08624795854483967	198.25
0.08628596833488443	198.5
0.08632259438919586	198.75
0.08635915984557191	199.0
0.08639572530194796	199.25
0.08643229075832401	199.5
0.08646885621470006	199.75
0.08650542167107611	200.0
0.08654198712745216	200.25
0.08657855258382821	200.5
0.08661511804020426	200.75
0.08665168349658031	201.0
0.08668824895295636	201.25
0.08672049792947605	201.5
0.08675274690599573	201.75
0.08679227754112046	202.0
0.08683180817624518	202.25
0.086863824099081	202.5
0.08689584002191682	202.75
0.08693513825288235	203.0
0.08697443648384788	203.25
0.08700526506938021	203.5
0.08703609365491254	203.75
0.08707611973273331	204.0
0.08711614581055409	204.25
0.08714674468873941	204.5
0.08717734356692473	204.75
0.08721714083405133	205.0
0.08725693810117792	205.25
0.08728730886742214	205.5
0.08731767963366636	205.75
0.08735724983944038	206.0
0.08739682004521439	206.25
0.08742696444322799	206.5
0.0874571088412416	206.75
0.08749645372072794	207.0
0.08753579860021428	207.25
0.08756571835941401	207.5
0.08759563811861375	207.75
0.08763475939256225	208.0
0.08767388066651076	208.25
0.08770357750193805	208.5
0.08773327433736534	208.75
0.08777217371211159	209.0
0.08781107308685783	209.25
0.08784054869906287	209.5
0.0878700243112679	209.75
0.08790870347859996	210.0
0.087947382645932	210.25
0.08797663872081757	210.5
0.08800589479570313	210.75
0.08804435543267773	211.0
0.08808281606965233	211.25
0.0881118542782613	211.5
0.08814089248687028	211.75
0.08817913625556614	212.0
0.08821738002426201	212.25
0.08824620202249185	212.5
0.0882750240207217	212.75
0.088313052567908	213.0
0.08835108111509431	213.25
0.08837968854330955	213.5
0.08840829597152479	213.75
0.08844611092821156	214.0
0.08848392588489833	214.25
0.08851232036740742	214.5
0.0885407148499165	214.75
0.08857831783074198	215.0
0.08861592081156745	215.25
0.0886441039559029	215.5
0.08867228710023835	215.75
0.08870967970262579	216.0
0.08874707230501323	216.25
0.08877504570093742	216.5
0.0888030190968616	216.75
0.08884020289983892	217.0
0.08887738670281624	217.25
0.08890515192091439	217.5
0.08893291713901254	217.75
0.08896989370152963	218.0
0.08900687026404673	218.25
0.0890344288537017	218.5
0.08906198744335668	218.75
0.08909875830182987	219.0
0.08913552916030305	219.25
0.08916258601540133	219.5
0.08918964287049962	219.75
0.08922651501138915	220.0
0.08926338715227868	220.25
0.08929024071369081	220.5
0.08931709427510294	220.75
0.08935376398618305	221.0
0.08939043369726317	221.25
0.08941708541613054	221.5
0.08944373713499791	221.75
0.08948020590923461	222.0
0.08951667468347131	222.25
0.08954312603786305	222.5
0.08956957739225478	222.75
0.08960584668748058	223.0
0.08964211598270637	223.25
0.08966836840911013	223.5
0.0896946208355139	223.75
0.08973069205898862	224.0
0.08976676328246334	224.25
0.08979281815372557	224.5
0.0898188730249878	224.75
0.0898547475009358	225.0
0.08989062197688381	225.25
0.0899164805525316	225.5
0.08994233912817938	225.75
0.0899780180182145	226.0
0.09001369690824963	226.25
0.09003929358564108	226.5
0.09006489026303253	226.75
0.09010045006757965	227.0
0.09013600987212676	227.25
0.09016141282403924	227.5
0.09018681577595171	227.75
0.09022218195966716	228.0
0.09025754814338262	228.25
0.0902827560563168	228.5
0.09030796396925099	228.75
0.09034313283996129	229.0
0.09037830171067159	229.25
0.09041320316969294	229.5
0.0904432286725607	229.75
0.09047325417542847	230.0
0.09050327967829623	230.25
0.090533305181164	230.5
0.09056333068403176	230.75
0.09059335618689952	231.0
0.09062338168976729	231.25
0.09065340719263505	231.5
0.09068343269550282	231.75
0.09071345819837058	232.0
0.09074348370123834	232.25
0.09077350920410611	232.5
0.09079988620346552	232.75
0.09082626320282493	233.0
0.09085867972600892	233.25
0.09089109624919291	233.5
0.0909172899215588	233.75
0.09094348359392469	234.0
0.09097571729648297	234.25
0.09100795099904126	234.5
0.09103396244280779	234.75
0.09105997388657432	235.0
0.09109202615783876	235.25
0.09112407842910321	235.5
0.09114990902865759	235.75
0.09117573962821197	236.0
0.09120761184593958	236.25
0.09123948406366718	236.5
0.09126513519188657	236.75
0.09129078632010597	237.0
0.09132247985058087	237.25
0.09135417338105577	237.5
0.09137964639936705	237.75
0.09140511941767833	238.0
0.09143663561577285	238.25
0.09146815181386737	238.5
0.09149344807230557	238.75
0.09151874433074376	239.0
0.09155008453997648	239.25
0.0915814247492092	239.5
0.09160654558647487	239.75
0.09163166642374053	240.0
0.09166283197632931	240.25
0.09169399752891809	240.5
0.0917189442724328	240.75
0.0917438910159475	241.0
0.0917748832328664	241.25
0.09180587544978529	241.5
0.09183064941574066	241.75
0.09185542338169604	242.0
0.09188624357272314	242.25
0.09191706376375024	242.5
0.09194166625716023	242.75
0.09196626875057022	243.0
0.09199691821433605	243.25
0.09202756767810187	243.5
0.09205199999284469	243.75
0.09207643230758751	244.0
0.09210691233161707	244.25
0.09213739235564662	244.5
0.09216165577451027	244.75
0.09218591919337392	245.0
0.09221163939198243	245.25
0.09223735959059094	245.5
0.09226605928250614	245.75
0.09229475897442134	246.0
0.09232031259603848	246.25
0.09234586621765563	246.5
0.09237439972473163	246.75
0.09240293323180764	247.0
0.09242832129016164	247.25
0.09245370934851564	247.5
0.09248207792364281	247.75
0.09251044649876998	248.0
0.09253567024146075	248.25
0.09256089398415153	248.5
0.09258909886958568	248.75
0.09261730375501982	249.0
0.09264236441900017	249.25
0.09266742508298052	249.5
0.09269546751035514	249.75
0.09272350993772975	250.0
0.09274840874934875	250.25
0.09277330756096776	250.5
0.09280118875133002	250.75
0.09282906994169228	251.0
0.0928538081167314	251.25
0.09287854629177052	251.5
0.09290626745561265	251.75
0.09293398861945477	252.0
0.09295856736315579	252.25
0.0929831461068568	252.5
0.0930107084441442	252.75
0.0930382707814316	253.0
0.09306269128851438	253.25
0.09308711179559716	253.5
0.09311451649578441	253.75
0.09314192119597166	254.0
0.09316618465065105	254.25
0.09319044810533043	254.5
0.09321769634736563	254.75
0.09324494458940082	255.0
0.093269052165386	255.25
0.09329315974137119	255.5
0.09332025269369079	255.75
0.0933473456460104	256.0
0.09337129850649206	256.25
0.09339525136697373	256.5
0.09342219018748522	256.75
0.09344757953968136	257.0
0.09347292984422582	257.25
0.09349828014877029	257.5
0.09352363045331476	257.75
0.09354898075785922	258.0
0.09357433106240369	258.25
0.09359968136694816	258.5
0.09362503167149262	258.75
0.09365038197603709	259.0
0.09367573228058156	259.25
0.09370108258512602	259.5
0.09372643288967049	259.75
0.09375178319421495	260.0
0.09377713349875942	260.25
0.09379821897576021	260.5
0.093819304452761	260.75
0.09384783616197964	261.0
0.09387636787119828	261.25
0.09389730497495057	261.5
0.09391824207870285	261.75
0.093946625654363	262.0
0.09397500923002315	262.25
0.09399579865210853	262.5
0.0940165880741939	262.75
0.09404482460564421	263.0
0.09407306113709453	263.25
0.09409370396179488	263.5
0.09411434678649523	263.75
0.09414243735141867	264.0
0.0941705279163421	264.25
0.09419102521612878	264.5
0.09421152251591546	264.75
0.0942394681799683	265.0
0.09426741384402114	265.25
0.09428776667906913	265.5
0.09430811951411712	265.75
0.09433592133036707	266.0
0.09436372314661702	266.25
0.09438393256415982	266.5
0.09440414198170262	266.75
0.09443180098988037	267.0
0.09445945999805812	267.25
0.09447952703151571	267.5
0.09449959406497331	267.75
0.09452711129046262	268.0
0.09455462851595194	268.25
0.09457263831508211	268.5
0.09459064811421229	268.75
0.09461995138689872	269.0
0.09464925465958514	269.25
0.0946671246838407	269.5
0.09468499470809626	269.75
0.09471415846024561	270.0
0.09474332221239497	270.25
0.09476105309757078	270.5
0.0947787839827466	270.75
0.0948078092173844	271.0
0.09483683445202219	271.25
0.09485442719406297	271.5
0.09487201993610374	271.75
0.09490090763969966	272.0
0.09492979534329558	272.25
0.09494725092034076	272.5
0.09496470649738593	272.75
0.0949934576369974	273.0
0.09502220877660887	273.25
0.09503952814533861	273.5
0.09505684751406836	273.75
0.09508546303274384	274.0
0.09511407855141933	274.25
0.09513126264120406	274.5
0.09514844673098878	274.75
0.09517692754024218	275.0
0.09520540834949558	275.25
0.09522245805254308	275.5
0.09523950775559058	275.75
0.09526785472230904	276.0
0.09529620168902751	276.25
0.09531311784262378	276.5
0.09533003399622005	276.75
0.09535824791805543	277.0
0.09538646183989082	277.25
0.09540324519135725	277.5
0.09542002854282368	277.75
0.09544729153633646	278.0
0.09547455452984925	278.25
0.09549203521148308	278.5
0.09550951589311692	278.75
0.09553664762189715	279.0
0.09556377935067738	279.25
0.0955811290756406	279.5
0.09559847880060383	279.75
0.09562547980084217	280.0
0.0956524808010805	280.25
0.09566969957441152	280.5
0.09568691834774253	280.75
0.09571378779337328	281.0
0.09574065723900403	281.25
0.09575738758477387	281.5
0.0957741179305437	281.75
0.09580121775335466	282.0
0.09582831757616563	282.25
0.09585615826297259	282.5
0.09587796028068328	282.75
0.09589976229839398	283.0
0.09592156431610467	283.25
0.09594336633381537	283.5
0.09596516835152606	283.75
0.09598697036923676	284.0
0.09600877238694745	284.25
0.09603057440465815	284.5
0.09605237642236884	284.75
0.09607417844007954	285.0
0.09609598045779023	285.25
0.09611778247550093	285.5
0.09613958449321162	285.75
0.09616138651092232	286.0
0.09618318852863302	286.25
0.09620122865508865	286.5
0.09621926878154428	286.75
0.09623815052655119	287.0
0.09625703227155809	287.25
0.09628061611782535	287.5
0.0963041999640926	287.75
0.09632295996014256	288.0
0.09634171995619252	288.25
0.09636518206685893	288.5
0.09638864417752534	288.75
0.09640728285444093	289.0
0.09642592153135653	289.25
0.09644926277459577	289.5
0.09647260401783501	289.75
0.09649112223873305	290.0
0.09650964045963108	290.25
0.09652815868052911	290.5
0.09655368793594027	290.75
0.09657921719135143	291.0
0.09659524790047758	291.25
0.09661127860960372	291.5
0.09663668915909084	291.75
0.09666209970857795	292.0
0.09667801183588505	292.25
0.09669392396319215	292.5
0.09671921641783258	292.75
0.09674450887247302	293.0
0.0967603032421521	293.25
0.09677609761183117	293.5
0.09680127278800636	293.75
0.09682644796418155	294.0
0.09684212538522599	294.25
0.09685780280627043	294.5
0.09688286150387032	294.75
0.09690792020147021	295.0
0.0969234814648596	295.25
0.09693904272824899	295.5
0.09696398572730863	295.75
0.09698892872636827	296.0
0.09700437460091446	296.25
0.09701982047546065	296.5
0.09704464853100754	296.75
0.09706947658655443	297.0
0.09708480781243288	297.25
0.09710013903831133	297.5
0.09712485287214813	297.75
0.09714956670598493	298.0
0.09716478398415906	298.25
0.0971800012623332	298.5
0.09720460154925226	298.75
0.09722920183617131	299.0
0.09724170040817119	299.25
0.09725419898017107	299.5
0.09728130357334809	299.75
0.09730840816652511	300.0
0.7375262444117846	300.0
0.7375455291568789	299.75
0.7375648139019731	299.5
0.7376062657618307	299.25
0.7376477176216883	299.0
0.7376715110445801	298.75
0.7376953044674718	298.5
0.7377326691622432	298.25
0.7377700338570147	298.0
0.7377940285153706	297.75
0.7378180231737265	297.5
0.7378555900300743	297.25
0.7378931568864221	297.0
0.7379173548146991	296.75
0.7379415527429761	296.5
0.7379793237675852	296.25
0.7380170947921944	296.0
0.7380414979787217	295.75
0.738065901165249	295.5
0.7381038783317315	295.25
0.7381418554982141	295.0
0.7381664659082058	294.75
0.7381910763181975	294.5
0.7382292615848048	294.25
0.7382674468514122	294.0
0.73829226644082	293.75
0.7383170860302278	293.5
0.7383554813508307	293.25
0.7383938766714336	293.0
0.7384189073957775	292.75
0.7384439381201214	292.5
0.7384825454513874	292.25
0.7385211527826533	292.0
0.7385463966029183	291.75
0.7385716404231834	291.5
0.7386104617292607	291.25
0.7386492830353381	291.0
0.7386747434768961	290.75
0.7387002039184541	290.5
0.7387480739107285	290.25
0.7387959439030028	290.0
0.7388438138952772	289.75
0.7388610964079563	289.5
0.7388783789206353	289.25
0.7389264672305121	289.0
0.7389745555403889	288.75
0.7389920576311626	288.5
0.7390095597219363	288.25
0.7390578683544151	288.0
0.739106176986894	287.75
0.7391239006710179	287.5
0.7391416243551417	287.25
0.7391901528595999	287.0
0.739238681364058	286.75
0.7392659806068775	286.5
0.7392932798496971	286.25
0.7393274723066788	286.0
0.7393616647636606	285.75
0.7393958572206424	285.5
0.7394300496776242	285.25
0.7394642421346059	285.0
0.7394984345915877	284.75
0.7395326270485695	284.5
0.7395668195055513	284.25
0.739601011962533	284.0
0.7396352044195148	283.75
0.7396693968764966	283.5
0.7397035893334784	283.25
0.7397377817904601	283.0
0.7397719742474419	282.75
0.7398061667044237	282.5
0.7398198686345246	282.25
0.7398561466692134	282.0
0.7398924247039022	281.75
0.7399249311671597	281.5
0.7399574376304173	281.25
0.7399945425838792	281.0
0.7400316475373411	280.75
0.7400637945604022	280.5
0.7400959415834633	280.25
0.7401332786750799	280.0
0.7401706157666966	279.75
0.740202998025243	279.5
0.7402353802837894	279.25
0.740272954635058	279.0
0.7403105289863267	278.75
0.74034315024841	278.5
0.7403757715104934	278.25
0.7404135862468236	278.0
0.7404514009831539	277.75
0.7404856362417731	277.5
0.7405198715003923	277.25
0.7405565733421919	277.0
0.7405932751839915	276.75
0.7406277540689553	276.5
0.7406622329539191	276.25
0.7406991797317674	276.0
0.7407361265096156	275.75
0.7407708516792123	275.5
0.740805576848809	275.25
0.7408427711561251	275.0
0.7408799654634411	274.75
0.7409149394672495	274.5
0.7409499134710579	274.25
0.7409873578269276	274.0
0.7410248021827973	273.75
0.7410600275200221	273.5
0.7410952528572469	273.25
0.741132949747553	273.0
0.741170646637859	272.75
0.7412061257871277	272.5
0.7412416049363965	272.25
0.7412795568359299	272.0
0.7413175087354634	271.75
0.7413532441715766	271.5
0.7413889796076897	271.25
0.7414271889930698	271.0
0.7414653983784499	270.75
0.7415013925825265	270.5
0.741537386786603	270.25
0.7415758561443646	270.0
0.7416143255021262	269.75
0.7416505809681347	269.5
0.7416868364341432	269.25
0.7417255682660971	269.0
0.741764300098051	268.75
0.7418008194170982	268.5
0.7418373387361453	268.25
0.7418795348050294	268.0
0.7419217308739136	267.75
0.741955335819701	267.5
0.7419889407654884	267.25
0.7420314040206448	267.0
0.7420738672758013	266.75
0.7421077408084648	266.5
0.7421416143411282	266.25
0.7421843473776261	266.0
0.7422270804141239	265.75
0.7422612251398469	265.5
0.74229536986557	265.25
0.7423383752993414	265.0
0.7423813807331129	264.75
0.7424157992801119	264.5
0.742450217827111	264.25
0.7424934982971507	264.0
0.7425367787671905	263.75
0.7425714737876948	263.5
0.7426061688081992	263.25
0.7426497269783443	263.0
0.7426932851484894	262.75
0.7427282593203521	262.5
0.7427632334922148	262.25
0.7428070720526211	262.0
0.7428509106130273	261.75
0.7428861666410823	261.5
0.7429214226691373	261.25
0.7429655443375703	261.0
0.7430096660060034	260.75
0.7430452063208612	260.5
0.7430807466357191	260.25
0.7431216449162074	260.0
0.7431625431966956	259.75
0.7432034414771839	259.5
0.7432443397576721	259.25
0.7432852380381604	259.0
0.7433261363186486	258.75
0.7433670345991369	258.5
0.7434079328796251	258.25
0.7434488311601134	258.0
0.7434897294406017	257.75
0.7435306277210899	257.5
0.7435715260015782	257.25
0.7436124242820664	257.0
0.7436764292526129	256.75
0.7437035210649394	256.5
0.7437587488605026	256.25
0.7438139766560659	256.0
0.7438413663828908	255.75
0.7438687561097157	255.5
0.7439242829418544	255.25
0.7439798097739931	255.0
0.7440075003250829	254.75
0.7440351908761726	254.5
0.7440910196681162	254.25
0.7441468484600597	254.0
0.7441748427788123	253.75
0.7442028370975649	253.5
0.7442589708064701	253.25
0.7443151045153753	253.0
0.7443434055794773	252.75
0.7443717066435793	252.5
0.7444281482611774	252.25
0.7444845898787755	252.0
0.744513200700848	251.75
0.7445418115229205	251.5
0.7445985640761602	251.25
0.7446553166293999	251.0
0.7446842402576296	250.75
0.7447131638858593	250.5
0.7447702304375241	250.25
0.7448272969891889	250.0
0.7448565365079612	249.75
0.7448857760267336	249.5
0.7449431596760687	249.25
0.7450005433254039	249.0
0.7450301018559149	248.75
0.7450596603864259	248.5
0.7451173642697596	248.25
0.7451750681530933	248.0
0.7452049488539713	247.75
0.7452348295548492	247.5
0.7452928568462092	247.25
0.7453508841375691	247.0
0.7453810902054938	246.75
0.7454112962734185	246.5
0.7454696501851444	246.25
0.7455280040968704	246.0
0.7455585387666612	245.75
0.7455890734364521	245.5
0.7456477553488993	245.25
0.7457064372613464	245.0
0.745745006191717	244.75
0.7457835751220876	244.5
0.7458349116021276	244.25
0.7458862480821675	244.0
0.7459251519179979	243.75
0.7459640557538283	243.5
0.7460157286321087	243.25
0.7460674015103892	243.0
0.7461066436104264	242.75
0.7461458857104637	242.5
0.7461978983642605	242.25
0.7462499110180574	242.0
0.7462894947818788	241.75
0.7463290785457002	241.5
0.7463814343934279	241.25
0.7464337902411555	241.0
0.7464737191098314	240.75
0.7465136479785073	240.5
0.746566350480396	240.25
0.7466190529822847	240.0
0.7466593304390629	239.75
0.746699607895841	239.5
0.7467526605546133	239.25
0.7468057132133856	239.0
0.7468463427843693	238.75
0.7468869723553531	238.5
0.7469403787169128	238.25
0.7469937850784725	238.0
0.7470347703333128	237.75
0.7470757555881531	237.5
0.747129519242269	237.25
0.7471832828963849	237.0
0.747224627448976	236.75
0.7472659720015671	236.5
0.7473200965825793	236.25
0.7473742211635914	236.0
0.7474159286727695	235.75
0.7474576361819476	235.5
0.7475121253694726	235.25
0.7475666145569977	235.0
0.747608688727257	234.75
0.7476507628975164	234.5
0.7477056204171583	234.25
0.7477604779368001	234.0
0.7478029225190135	233.75
0.7478453671012268	233.5
0.7479005967253824	233.25
0.747955826349538	233.0
0.7479986445678648	232.75
0.7480414627861915	232.5
0.7480917753217515	232.25
0.7481420878573115	232.0
0.7481924003928715	231.75
0.7482427129284315	231.5
0.7482930254639915	231.25
0.7483433379995514	231.0
0.7483936505351114	230.75
0.7484439630706714	230.5
0.7484942756062314	230.25
0.7485445881417914	230.0
0.7485949006773513	229.75
0.7486452132129113	229.5
0.7486770195004073	229.25
0.7487295023943404	229.0
0.7487819852882736	228.75
0.7488308161052639	228.5
0.7488796469222543	228.25
0.7489325107377155	228.0
0.7489853745531767	227.75
0.7490345937267426	227.5
0.7490838129003086	227.25
0.7491370703951472	227.0
0.7491903278899859	226.75
0.749239944191297	226.5
0.7492895604926082	226.25
0.7493433439327936	226.0
0.7493971273729789	225.75
0.7494470326079083	225.5
0.7494969378428378	225.25
0.7495511249642489	225.0
0.7496053120856601	224.75
0.7496556235326322	224.5
0.7497059349796042	224.25
0.7497605305910794	224.0
0.7498151262025545	223.75
0.7498658485460798	223.5
0.7499165708896052	223.25
0.7499715796017519	223.0
0.7500265883138986	222.75
0.7500777261238218	222.5
0.7501288639337451	222.25
0.7501842902938325	222.0
0.7502397166539199	221.75
0.7502912744699565	221.5
0.7503428322859931	221.25
0.7503986808335643	221.0
0.7504545293811355	220.75
0.7505065117509658	220.5
0.7505584941207961	220.25
0.7506147694146726	220.0
0.7506710447085492	219.75
0.7507234562235641	219.5
0.750775867738579	219.25
0.7508330904452263	219.0
0.7508903131518736	218.75
0.7509426567042576	218.5
0.7509950002566417	218.25
0.7510526585842502	218.0
0.7511103169118587	217.75
0.7511630985533398	217.5
0.751215880194821	217.25
0.7512739788702014	217.0
0.7513320775455818	216.75
0.7513853020256612	216.5
0.7514385265057406	216.25
0.7514970703003532	216.0
0.7515556140949657	215.75
0.7516092862106163	215.5
0.7516629583262668	215.25
0.7517219520614399	215.0
0.7517809457966129	214.75
0.75183507039678	214.5
0.7518891949969471	214.25
0.7519486435478085	214.0
0.75200809209867	213.75
0.752062674087751	213.5
0.7521172560768319	213.25
0.752177164375417	213.0
0.7522370726740022	212.75
0.7522921170146497	212.5
0.7523471613552972	212.25
0.7524075343931065	212.0
0.7524679074309157	211.75
0.7525234191463942	211.5
0.7525789308618727	211.25
0.7526397736920616	211.0
0.7527006165222505	210.75
0.7527566006984856	210.5
0.7528125848747207	210.25
0.7528739026140309	210.0
0.752935220353341	209.75
0.7529916821407573	209.5
0.7530481439281735	209.25
0.7531099417586872	209.0
0.7531717395892008	208.75
0.7532286842044079	208.5
0.753285628819615	208.25
0.7533479119903849	208.0
0.7534101951611547	207.75
0.7534676278885288	207.5
0.753525060615903	207.25
0.7535878344444967	207.0
0.7536506082730905	206.75
0.7537085344662838	206.5
0.7537664606594772	206.25
0.7538297305334555	206.0
0.7538930004074338	205.75
0.7539514254908333	205.5
0.7540098505742328	205.25
0.7540736219525935	205.0
0.7541373933309543	204.75
0.754196322801107	204.5
0.7542552522712598	204.25
0.7543195306858469	204.0
0.754383809100434	203.75
0.7544432486072697	203.5
0.7545026881141055	203.25
0.7545691113632776	203.0
0.7546355346124498	202.75
0.7546938627565268	202.5
0.7547521909006039	202.25
0.7548191323811411	202.0
0.7548860738616783	201.75
0.7549449230344094	201.5
0.7550037722071405	201.25
0.7550682047925329	201.0
0.7551326373779252	200.75
0.7551970699633176	200.5
0.7552615025487099	200.25
0.7553259351341023	200.0
0.7553903677194946	199.75
0.755454800304887	199.5
0.7555192328902793	199.25
0.7555836654756717	199.0
0.755648098061064	198.75
0.755733019156603	198.5
0.7557875401542082	198.25
0.7558626248688542	198.0
0.7559377095835003	197.75
0.7559927753388458	197.5
0.7560478410941913	197.25
0.7561234731786096	197.0
0.7561991052630279	196.75
0.7562547219045748	196.5
0.7563103385461216	196.25
0.7563865241657275	196.0
0.7564627097853334	195.75
0.7565188835259575	195.5
0.7565750572665817	195.25
0.7566518026718915	195.0
0.7567285480772012	194.75
0.7567852852157174	194.5
0.7568420223542336	194.25
0.7569193338824053	194.0
0.756996645410577	193.75
0.7570539523332879	193.5
0.7571112592559988	193.25
0.7571891433323823	193.0
0.7572670274087658	192.75
0.7573249105910269	192.5
0.757382793773288	192.25
0.7574612569130007	192.0
0.7575397200527134	191.75
0.7575981860605235	191.5
0.7576566520683337	191.25
0.7577357008778608	191.0
0.7578147496873879	190.75
0.7578738051789955	190.5
0.7579328606706031	190.25
0.7580125018494193	190.0
0.7580921430282355	189.75
0.7581517947557819	189.5
0.7582114464833283	189.25
0.7582916868255438	189.0
0.7583719271677594	188.75
0.7584321819789391	188.5
0.7584924367901189	188.25
0.7585732831861599	188.0
0.7586541295822009	187.75
0.7587149944219547	187.5
0.7587758592617084	187.25
0.7588573187000237	187.0
0.758938778138339	186.75
0.7590002600505787	186.5
0.7590617419628185	186.25
0.7591438215316132	186.0
0.7592259011004079	185.75
0.7592880072297703	185.5
0.7593501133591327	185.25
0.7594328202481413	185.0
0.7595155271371499	184.75
0.7595782647307879	184.5
0.759641002324426	184.25
0.7597243438267108	184.0
0.7598076853289957	183.75
0.7598710617383942	183.5
0.7599344381477928	183.25
0.7600184216615916	183.0
0.7601024051753904	182.75
0.7601664278582259	182.5
0.7602304505410613	182.25
0.7603150835716538	182.0
0.7603997166022463	181.75
0.7604643931242874	181.5
0.7605290696463285	181.25
0.7606143598079455	181.0
0.7606996499695624	180.75
0.7607649880065976	180.5
0.7608303260436329	180.25
0.7609162810614153	180.0
0.7610022360791977	179.75
0.7610682434190048	179.5
0.7611342507588119	179.25
0.7612208784707988	179.0
0.7613075061827856	178.75
0.7613741907271508	178.5
0.761440875271516	178.25
0.7615281836306718	178.0
0.7616154919898275	177.75
0.7616828617565968	177.5
0.7617502315233662	177.25
0.7618382285996602	177.0
0.7619262256759542	176.75
0.7619942888011338	176.5
0.7620623519263134	176.25
0.7621510459088342	176.0
0.762239739891355	175.75
0.7623085046312496	175.5
0.7623772693711441	175.25
0.7624666685702685	175.0
0.7625560677693928	174.75
0.7626255425027991	174.5
0.7626950172362055	174.25
0.762785130085803	174.0
0.7628752429354004	173.75
0.7629454361658403	173.5
0.7630156293962802	173.25
0.7631064644559742	173.0
0.7631972995156682	172.75
0.7632682198736753	172.5
0.7633391402316825	172.25
0.7634307061891571	172.0
0.7635222721466317	171.75
0.7635939283920853	171.5
0.7636655846375389	171.25
0.7637578903108982	171.0
0.7638501959842576	170.75
0.7639225970087669	170.5
0.7639949980332761	170.25
0.764088052373456	170.0
0.7641811067136359	169.75
0.764254261542985	169.5
0.7643274163723341	169.25
0.7644212284655626	169.0
0.764515040558791	168.75
0.7645889583554302	168.5
0.7646628761520693	168.25
0.7647574552223907	168.0
0.7648520342927121	167.75
0.7649267243583119	167.5
0.7650014144239117	167.25
0.7650967698357612	167.0
0.7651921252476108	166.75
0.765267597025668	166.5
0.7653430688037253	166.25
0.765439210064568	166.0
0.7655353513254108	165.75
0.7656116144039201	165.5
0.7656878774824294	165.25
0.7657848142454547	165.0
0.7658817510084801	164.75
0.7659588151226618	164.5
0.7660358792368436	164.25
0.7661336213037302	164.0
0.7662313633706168	163.75
0.7663092384057111	163.5
0.7663871134408053	163.25
0.7664856707645393	163.0
0.7665842280882733	162.75
0.7666629240824008	162.5
0.7667416200765282	162.25
0.7668410027642948	162.0
0.7669403854520613	161.75
0.7670199125989503	161.5
0.7670994397458393	161.25
0.7671996571120071	161.0
0.7672998744781749	160.75
0.7673856256149267	160.5
0.7674713767516785	160.25
0.7675670717214321	160.0
0.7676627666911857	159.75
0.7677493694755677	159.5
0.7678359722599497	159.25
0.7679325238511714	159.0
0.7680290754423931	158.75
0.7681165405521306	158.5
0.7682040056618682	158.25
0.7683014246315812	158.0
0.7683988436012943	157.75
0.7684871818822401	157.5
0.7685755201631859	157.25
0.7686738174381078	157.0
0.7687721147130298	156.75
0.7688613371824603	156.5
0.7689505596518909	156.25
0.7690497463317687	156.0
0.7691489330116466	155.75
0.7692390508616396	155.5
0.7693291687116326	155.25
0.769429256072692	155.0
0.7695293434337513	154.75
0.7696203677325157	154.5
0.7697113920312801	154.25
0.7698089070091092	154.0
0.7699064219869383	153.75
0.7700039369647673	153.5
0.7701014519425964	153.25
0.7701989669204254	153.0
0.7702964818982545	152.75
0.7703939968760836	152.5
0.7704876569974024	152.25
0.7705897286386834	152.0
0.7706918002799643	151.75
0.7707864024128557	151.5
0.770881004545747	151.25
0.7709840238415713	151.0
0.7710870431373955	150.75
0.7711825993245108	150.5
0.7712781555116262	150.25
0.7713821346751639	150.0
0.7714861138387017	149.75
0.7715826363962922	149.5
0.7716791589538827	149.25
0.7717841103971352	149.0
0.7718890618403877	148.75
0.7719865632856281	148.5
0.7720840647308684	148.25
0.7721900010687366	148.0
0.7722959374066047	147.75
0.7723944304617173	147.5
0.7724929235168299	147.25
0.7725998575712887	147.0
0.7727067916257475	146.75
0.77280628922223	146.5
0.7729057868187126	146.25
0.7730137316230948	146.0
0.7731216764274771	145.75
0.7732221917104479	145.5
0.7733227069934188	145.25
0.773431675796812	145.0
0.7735406446002053	144.75
0.7736421909328542	144.5
0.7737437372655032	144.25
0.7738537435372635	144.0
0.7739637498090239	143.75
0.7740663407771917	143.5
0.7741689317453595	143.25
0.7742799891797434	143.0
0.7743910466141273	142.75
0.7744946960310014	142.5
0.7745983454478755	142.25
0.7747104679688006	142.0
0.7748225904897257	141.75
0.7749273124006649	141.5
0.7750320343116042	141.25
0.7751452360775363	141.0
0.7752584378434684	140.75
0.7753642465309605	140.5
0.7754700552184526	140.25
0.7755843506274273	140.0
0.7756986460364019	139.75
0.775805556025154	139.5
0.7759124660139061	139.25
0.7760278697086919	139.0
0.7761432734034777	138.75
0.7762512994656507	138.5
0.7763593255278238	138.25
0.7764758524012229	138.0
0.7765923792746219	137.75
0.7767015364352116	137.5
0.7768106935958012	137.25
0.7769283587961023	137.0
0.7770460239964034	136.75
0.77715632753877	136.5
0.7772666310811365	136.25
0.7773854500177237	136.0
0.777504268954311	135.75
0.7776157344258676	135.5
0.7777271998974242	135.25
0.7778471882465415	135.0
0.7779671765956588	134.75
0.7780798198137229	134.5
0.7781924630317869	134.25
0.7783136367424706	134.0
0.7784348104531542	133.75
0.7785486475109663	133.5
0.7786624845687784	133.25
0.778784859868961	133.0
0.7789072351691435	132.75
0.779022282442063	132.5
0.7791373297149824	132.25
0.7792609231177748	132.0
0.7793845165205673	131.75
0.7795007906724479	131.5
0.7796170648243286	131.25
0.779741893134488	131.0
0.7798667214446475	130.75
0.7799842394344029	130.5
0.7801017574241582	130.25
0.7802278377447465	130.0
0.7803539180653347	129.75
0.7804726971536998	129.5
0.7805914762420649	129.25
0.780718825981308	129.0
0.7808461757205511	128.75
0.7809662334770462	128.5
0.7810862912335412	128.25
0.7812149281118971	128.0
0.7813435649902529	127.75
0.7814649193003587	127.5
0.7815862736104644	127.25
0.7817162156679038	127.0
0.7818461577253433	126.75
0.7819688267978995	126.5
0.7820914958704557	126.25
0.7822227614739674	126.0
0.7823540270774791	125.75
0.782478029452309	125.5
0.7826020318271389	125.25
0.7827346396784699	125.0
0.7828672475298009	124.75
0.782992602085573	124.5
0.7831179566413451	124.25
0.7832519257849834	124.0
0.7833858949286217	123.75
0.783512620890959	123.5
0.7836393468532963	123.25
0.7837746966847051	123.0
0.783910046516114	122.75
0.7840381634659649	122.5
0.7841662804158158	122.25
0.7843030306899303	122.0
0.7844397809640449	121.75
0.7845693088463177	121.5
0.7846988367285905	121.25
0.784837007568589	121.0
0.7849751784085874	120.75
0.7851061375410671	120.5
0.7852370966735467	120.25
0.7853767085799097	120.0
0.7855163204862727	119.75
0.7856487315688293	119.5
0.7857811426513859	119.25
0.7859222165112469	119.0
0.786063290371108	118.75
0.7861971744952079	118.5
0.7863310586193077	118.25
0.7864736157161207	118.0
0.7866161728129337	117.75
0.7867515514714689	117.5
0.7868869301300041	117.25
0.7870309921535299	117.0
0.7871750541770557	116.75
0.7873119492745048	116.5
0.7874488443719538	116.25
0.787594433428587	116.0
0.7877400224852202	115.75
0.7878784563481515	115.5
0.7880168902110827	115.25
0.7881640288345313	115.0
0.7883111674579799	114.75
0.78845116284592	114.5
0.7885911582338601	114.25
0.7887398693961909	114.0
0.7888885805585217	113.75
0.7890301606751967	113.5
0.7891717407918717	113.25
0.7893220479149478	113.0
0.7894723550380238	112.75
0.7896155435429952	112.5
0.7897587320479666	112.25
0.7899106590152943	112.0
0.790062585982622	111.75
0.790207406803399	111.5
0.7903522276241759	111.25
0.7905032954707885	111.0
0.790654363317401	110.75
0.7908054311640136	110.5
0.7909564990106261	110.25
0.7911075668572387	110.0
0.7912732207869512	109.75
0.7914318429806771	109.5
0.7915781931699384	109.25
0.7917245433591996	109.0
0.791884140353339	108.75
0.7920437373474783	108.5
0.7921918016819844	108.25
0.7923398660164905	108.0
0.7925011893204955	107.75
0.7926625126245005	107.5
0.7928123173643358	107.25
0.792962122104171	107.0
0.7931251982308567	106.75
0.7932882743575423	106.5
0.7934398463015303	106.25
0.7935914182455183	106.0
0.7937562742535793	105.75
0.7939211302616404	105.5
0.7940744967624481	105.25
0.7942278632632559	105.0
0.7943945267726443	104.75
0.7945611902820328	104.5
0.79471637926185	104.25
0.7948715682416673	104.0
0.7950400674495633	103.75
0.7952085666574594	103.5
0.7953656066242865	103.25
0.7955226465911135	103.0
0.7956930102885137	102.75
0.7958633739859139	102.5
0.7960222940504882	102.25
0.7961812141150625	102.0
0.7963534717040227	101.75
0.7965257292929829	101.5
0.7966865591863727	101.25
0.7968473890797624	101.0
0.7970215705913284	100.75
0.7971957521028944	100.5
0.7973585221947949	100.25
0.7975212922866953	100.0
0.797697428399552	99.75
0.7978735645124088	99.5
0.7980383058301838	99.25
0.7982030471479588	99.0
0.7983811692078397	98.75
0.7985592912677207	98.5
0.7987260355162203	98.25
0.79889277976472	98.0
0.7990729198046151	97.75
0.7992530598445103	97.5
0.7994218394267101	97.25
0.7995906190089098	97.0
0.7997728097701192	96.75
0.7999550005313286	96.5
0.8001258485698332	96.25
0.8002966966083377	96.0
0.8004809715624079	95.75
0.8006652465164782	95.5
0.8008381968759397	95.25
0.8010111472354012	95.0
0.8011975406069987	94.75
0.8013839339785961	94.5
0.8015590212890926	94.25
0.8017341085995892	94.0
0.801922655390365	93.75
0.8021112021811408	93.5
0.8022884618625709	93.25
0.8024657215440009	93.0
0.8026564575574948	92.75
0.8028471935709888	92.5
0.8030266618585395	92.25
0.8032061301460903	92.0
0.8033990920137365	91.75
0.8035920538813827	91.5
0.803773767852133	91.25
0.8039554818228832	91.0
0.8041507070311844	90.75
0.8043459322394856	90.5
0.8045299298402053	90.25
0.8047139274409251	90.0
0.8049114543598573	89.75
0.8051089812787896	89.5
0.8052953013550106	89.25
0.8054816214312316	89.0
0.8056814893439536	88.75
0.8058813572566755	88.5
0.8060700395831053	88.25
0.8062587219095351	88.0
0.8064609710434811	87.75
0.8066632201774272	87.5
0.8068543054897873	87.25
0.8070453908021474	87.0
0.8072500623615813	86.75
0.8074547339210151	86.5
0.8076482639493902	86.25
0.8078417939777652	86.0
0.8080489301778938	85.75
0.8082560663780224	85.5
0.8084520838818096	85.25
0.8086481013855967	85.0
0.808857745488329	84.75
0.8090673895910613	84.5
0.8092659383956211	84.25
0.8094644872001809	84.0
0.8096766835516415	83.75
0.809888879903102	83.5
0.8100900049382191	83.25
0.8102911299733363	83.0
0.8105059240432376	82.75
0.810720718113139	82.5
0.8109244654534057	82.25
0.8111282127936724	82.0
0.8113456512166727	81.75
0.8115630896396729	81.5
0.8117695065469149	81.25
0.8119759234541569	81.0
0.8121960540733244	80.75
0.8124161846924919	80.5
0.8126253196603759	80.25
0.8128344546282599	80.0
0.8130573265407879	79.75
0.8132801984533159	79.5
0.8134921012542785	79.25
0.8137040040552411	79.0
0.8139296676605544	78.75
0.8141553312658677	78.5
0.8143700530005238	78.25
0.8145847747351799	78.0
0.8148132817856024	77.75
0.815041788836025	77.5
0.8152593819852179	77.25
0.8154769751344108	77.0
0.8157083787885631	76.75
0.8159397824427154	76.5
0.8161603009223956	76.25
0.8163808194020757	76.0
0.8166151742813037	75.75
0.8168495291605317	75.5
0.817073027454312	75.25
0.8172965257480923	75.0
0.8175245576636502	74.75
0.817752589579208	74.5
0.8179884907616438	74.25
0.8182243919440796	74.0
0.8184555112999208	73.75
0.818686630655762	73.5
0.8189256240579028	73.25
0.8191646174600437	73.0
0.8194006289771532	72.75
0.8196366404942627	72.5
0.8198726520113722	72.25
0.820114626775922	72.0
0.8203566015404717	71.75
0.8205958148994619	71.5
0.820835028258452	71.25
0.8210802359331072	71.0
0.8213254436077624	70.75
0.8215679225524328	70.5
0.8218104014971033	70.25
0.8220589066232351	70.0
0.822307411749367	69.75
0.8225532217213821	69.5
0.8227990316933973	69.25
0.8230509006327275	69.0
0.8233027695720576	68.75
0.8235519779200903	68.5
0.8238011862681229	68.25
0.8240564873577676	68.0
0.8243117884474123	67.75
0.8245644645567962	67.5
0.8248171406661802	67.25
0.8250759443350096	67.0
0.8253347480038391	66.75
0.825590992170319	66.5
0.8258472363367988	66.25
0.8261095905417024	66.0
0.826371944746606	65.75
0.8266318018259918	65.5
0.8268916589053776	65.25
0.8271576631132285	65.0
0.8274236673210793	64.75
0.8276872134945245	64.5
0.8279507596679696	64.25
0.8282204912686415	64.0
0.8284902228693134	63.75
0.8287575368014581	63.5
0.8290248507336029	63.25
0.8292983896619718	63.0
0.8295719285903407	62.75
0.8298430915554439	62.5
0.8301142545205471	62.25
0.8303916833861468	62.0
0.8306691122517464	61.75
0.83094420826725	61.5
0.8312193042827536	61.25
0.831500708507444	61.0
0.8317821127321343	60.75
0.8320612287007841	60.5
0.832340344669434	60.25
0.8326258126341426	60.0
0.8329112805988512	59.75
0.8331945064603995	59.5
0.8334777323219478	59.25
0.8337673555234937	59.0
0.8340569787250396	58.75
0.8343444076185463	58.5
0.8346318365120531	58.25
0.8349257097310888	58.0
0.8352195829501246	57.75
0.8355113113879198	57.5
0.835803039825715	57.25
0.8361012613068819	57.0
0.8363994827880488	56.75
0.8366956108424993	56.5
0.8369917388969499	56.25
0.8372944105424449	56.0
0.8375970821879399	55.75
0.8378977136922646	55.5
0.8381983451965893	55.25
0.8385055727744457	55.0
0.8388128003523021	54.75
0.8391180431168176	54.5
0.8394232858813331	54.25
0.8397351792498681	54.0
0.8400470726184031	53.75
0.8403570386637218	53.5
0.8406670047090405	53.25
0.8409836780590776	53.0
0.8413003514091146	52.75
0.8416151572180025	52.5
0.8419299630268904	52.25
0.842251535143557	52.0
0.8425731072602236	51.75
0.8428928740500171	51.5
0.8432126408398106	51.25
0.8435392353805552	51.0
0.8438658299212998	50.75
0.844190890152643	50.5
0.8445159503839863	50.25
0.8448474919623152	50.0
0.8451790335406442	49.75
0.8455093124175757	49.5
0.8458395912945071	49.25
0.8461764184437823	49.0
0.8465132455930575	48.75
0.846848880412403	48.5
0.8471845152317485	48.25
0.847526768205033	48.0
0.8478690211783175	47.75
0.8482101553133319	47.5
0.8485512894483462	47.25
0.8488991147754753	47.0
0.8492469401026044	46.75
0.849593723416214	46.5
0.8499405067298236	46.25
0.8502940576491196	46.0
0.8506476085684156	45.75
0.8510001978647304	45.5
0.8513527871610451	45.25
0.8517122240914576	45.0
0.8520716610218702	44.75
0.852430220540454	44.5
0.8527887800590379	44.25
0.8531542711175075	44.0
0.8535197621759771	43.75
0.8538844641340098	43.5
0.8542491660920424	43.25
0.8546208876615754	43.0
0.8549926092311084	42.75
0.8553636344193175	42.5
0.8557346596075266	42.25
0.8561127969622804	42.0
0.8564909343170342	41.75
0.8568684727561569	41.5
0.8572460111952795	41.25
0.8576307591899077	41.0
0.8580155071845359	40.75
0.8583997588501003	40.5
0.8587840105156648	40.25
0.8591755743472987	40.0
0.8595671381789327	39.75
0.8599583138033733	39.5
0.8603494894278139	39.25
0.8607480854803814	39.0
0.8611466815329489	38.75
0.8615450034875024	38.5
0.8619433254420559	38.25
0.8623491822225722	38.0
0.8627550390030885	37.75
0.8631607423249578	37.5
0.863566445646827	37.25
0.863979804828161	37.0
0.8643931640094948	36.75
0.8648064974492886	36.5
0.8652198308890824	36.25
0.8656409484857708	36.0
0.8660620660824592	35.75
0.8664832933731083	35.5
0.8669045206637573	35.25
0.8673336683341437	35.0
0.8677628160045301	34.75
0.8681922172408565	34.5
0.8686216184771829	34.25
0.8690590849926371	34.0
0.8694965515080912	33.75
0.8699344247067914	33.5
0.8703722979054915	33.25
0.8708183908069657	33.0
0.8712644837084398	32.75
0.8717111465700033	32.5
0.8721578094315667	32.25
0.8726128569038816	32.0
0.8730679043761964	31.75
0.8735236962820355	31.5
0.8739794881878746	31.25
0.874443841224168	31.0
0.8749081942604613	30.75
0.8753750550195418	30.5
0.8758419157786224	30.25
0.8763087765377029	30.0
0.8767853874482121	29.75
0.8772619983587213	29.5
0.8777386092692305	29.25
0.8782212858327041	29.0
0.8787039623961777	28.75
0.8791908741581513	28.5
0.879677785920125	28.25
0.8801714217639875	28.0
0.8806650576078501	27.75
0.8811586934517126	27.5
0.8816611986395374	27.25
0.8821637038273622	27.0
0.882666209015187	26.75
0.8831769826066062	26.5
0.8836877561980253	26.25
0.8841985297894445	26.0
0.8847182029278681	25.75
0.8852378760662917	25.5
0.8857605628926883	25.25
0.8862862998884047	25.0
0.8868151243402655	24.75
0.8873470743841952	24.5
0.8878821889310207	24.25
0.8884208387351287	24.0
0.8889623998343257	23.75
0.8895072478326772	23.5
0.8900554254467693	23.25
0.8906069764099096	23.0
0.891161945508004	22.75
0.8917203786171058	22.5
0.8922823227427347	22.25
0.8928478260610684	22.0
0.8934169379621183	21.75
0.8939897090950083	21.5
0.8945661914154848	21.25
0.8951464382357931	21.0
0.895730504277068	20.75
0.8963184457243968	20.5
0.8969103202847226	20.25
0.8975061872477722	20.0
0.8981061075502024	19.75
0.8987101438431794	19.5
0.8993183605636165	19.25
0.8999308240093172	19.0
0.9005476024182909	18.75
0.9011687660525254	18.5
0.901794387286529	18.25
0.9024245407009784	18.0
0.9030593031818325	17.75
0.903698754025309	17.5
0.9043429750491491	17.25
0.9049920507106278	17.0
0.9056460682318116	16.75
0.9063051177325979	16.5
0.9069692923721137	16.25
0.9076386884990917	16.0
0.908313405811877	15.75
0.9089935475287922	15.5
0.9096792205691193	15.25
0.9103705361779827	15.0
0.9110676077141118	14.75
0.9117736544581398	14.5
0.9124825707371883	14.25
0.9131976153371794	14.0
0.9139189218568067	13.75
0.9146466291800707	13.5
0.9153808816851089	13.25
0.9161218294565877	13.0
0.9168695263204101	12.75
0.9176243150006952	12.5
0.9183863285011448	12.25
0.919155896852328	12.0
0.91993285327794	11.75
0.9207175632821326	11.5
0.921510183522075	11.25
0.9223110264847966	11.0
0.9231202952332241	10.75
0.9239386025953543	10.5
0.9247654206470775	10.25
0.9256014014314432	10.0
0.9264468248384079	9.75
0.9273019867484669	9.5
0.9281672000796534	9.25
0.9290427964103642	9.0
0.9299291270633413	8.75
0.9308268041738146	8.5
0.9317353290381288	8.25
0.9326562898697942	8.0
0.933589692562663	7.75
0.9345357349622574	7.5
0.9354953638911376	7.25
0.9364690064312897	7.0
0.9374573217654462	6.75
0.9384606291098886	6.5
0.9394798543932413	6.25
0.9405157948025047	6.0
0.9415697126291374	5.75
0.9426426833305955	5.5
0.9437347750137707	5.25
0.94484743673113	5.0
0.9459818763927027	4.75
0.9471387862161148	4.5
0.9483209214618445	4.25
0.9495286963161595	4.0
0.9507653286493132	3.75
0.9520315784757056	3.5
0.9533315799827665	3.25
0.9546664909666788	3.0
0.9560405072033922	2.75
0.9574583526556026	2.5
0.9589233393614711	2.25
0.9604423864551783	2.0
0.9620212931586842	1.75
0.9636699334557274	1.5
0.9653979748345042	1.25
0.9672223162987973	1.0
0.9691617934933257	0.75
0.9712547079177194	0.5
0.9735130867844592	0.25
0.9760516914567513	0.0
