0.02394830854324873	0.0
0.024717086655480582	1.0
0.02541217296844796	2.0
0.02605889344359774	3.0
0.02667211496970632	4.0
0.027254695613156937	5.0
0.02781369960701766	6.0
0.02839796287112475	7.0
0.02893815103377674	8.0
0.029465120618252173	9.0
0.029979567321339894	10.0
0.030483890457147823	11.0
0.03097811813970133	12.0
0.03146290063714971	13.0
0.03193907417360008	14.0
0.032407191097585226	15.0
0.03286772761530659	16.0
0.03332109840767271	17.0
0.03376728707154198	18.0
0.03420735957846905	19.0
0.03464124138250348	20.0
0.03506919059668111	21.0
0.03549143978856126	22.0
0.035908199869409414	23.0
0.036319662972991024	24.0
0.036726563271178646	25.0
0.03712798382441889	26.0
0.037524594312423463	27.0
0.03791653219963462	28.0
0.038303921221615876	29.0
0.03868681791360616	30.0
0.039065467948291535	31.0
0.03943990841139744	32.0
0.03981023739715728	33.0
0.04017654726202394	34.0
0.04053892534698714	35.0
0.040897453681626346	36.0
0.04125221115067861	37.0
0.04160327169321474	38.0
0.04195070619893103	39.0
0.04229458218427841	40.0
0.042634964163002574	41.0
0.04297158567324437	42.0
0.04330516019740868	43.0
0.04363541870880847	44.0
0.04396241594984584	45.0
0.04428620451278748	46.0
0.04460683512324707	47.0
0.044924356746103344	48.0
0.045238816702659626	49.0
0.04555026077739501	50.0
0.045858733315389415	51.0
0.04616427731138459	52.0
0.0464669344913248	53.0
0.04676674538712463	54.0
0.0470637494053278	55.0
0.04735798489024477	56.0
0.047649489182092386	57.0
0.04793829867060339	58.0
0.048224448844522934	59.0
0.04850797433736426	60.0
0.04878890896975967	61.0
0.04906728578870577	62.0
0.04934313710397442	63.0
0.049616494521931176	64.0
0.049887388976981376	65.0
0.050155850760841544	66.0
0.050421909549815326	67.0
0.05068559443023373	68.0
0.050946933922209066	69.0
0.051205956001831275	70.0
0.05146268812192935	71.0
0.051717027721490415	72.0
0.051969264124343106	73.0
0.052219290165286356	74.0
0.052467131417877635	75.0
0.05271281298840586	76.0
0.05295635956667007	77.0
0.05319779543330147	78.0
0.053437144472307116	79.0
0.05367443018284418	80.0
0.05390967569025509	81.0
0.05414290375637595	82.0
0.05437413678911369	83.0
0.0546033968512588	84.0
0.0548307056684548	85.0
0.05505608463617297	86.0
0.055279554825406994	87.0
0.05550113698656129	88.0
0.055720837792295516	89.0
0.055938709778045305	90.0
0.05615475448533322	91.0
0.05636899144490726	92.0
0.056581439816819006	93.0
0.05679211826100068	94.0
0.05700105819136675	95.0
0.05720827171041344	96.0
0.05741645879566735	97.0
0.05762026791107031	98.0
0.05782240021009437	99.0
0.05802287276327876	100.0
0.05822170317029022	101.0
0.05841890861382211	102.0
0.05861450605512181	103.0
0.05880851223803403	104.0
0.05900094369295641	105.0
0.05919181674066051	106.0
0.059381147495986296	107.0
0.05956895187142089	108.0
0.059755245580567	109.0
0.05994004414150329	110.0
0.060126184056225475	111.0
0.06030804507601002	112.0
0.06048845641751577	113.0
0.060667432308732464	114.0
0.06084498752739094	115.0
0.06102113648566639	116.0
0.06119589342123774	117.0
0.06136927239993318	118.0
0.06154128731835479	119.0
0.061713302236776395	120.0
0.06188127950107312	121.0
0.06204925676536984	122.0
0.062217234029666564	123.0
0.06238137565652117	124.0
0.06254551728337576	125.0
0.06270965891023036	126.0
0.06286991400154306	127.0
0.06303016909285575	128.0
0.06319042418416844	129.0
0.0633472356994653	130.0
0.06350404721476217	131.0
0.06365938181374688	132.0
0.06381471641273158	133.0
0.0639667837358983	134.0
0.06411885105906502	135.0
0.06427091838223174	136.0
0.06441919372452755	137.0
0.06456746906682335	138.0
0.06471574440911916	139.0
0.06486144121960681	140.0
0.06500713803009446	141.0
0.06515077202735425	142.0
0.06529440602461405	143.0
0.06543545319046207	144.0
0.06557650035631009	145.0
0.06571626046389863	146.0
0.06585602057148716	147.0
0.0659957806790757	148.0
0.06613554078666424	149.0
0.06626553694576227	150.0
0.06639553310486031	151.0
0.06653416297568626	152.0
0.06667279284651222	153.0
0.06679888045174885	154.0
0.06692496805698549	155.0
0.06705976575700719	156.0
0.06719456345702889	157.0
0.06731688748151299	158.0
0.06743921150599709	159.0
0.0675703193663595	160.0
0.06770142722672191	161.0
0.06782012699001791	162.0
0.0679388267533139	163.0
0.06806638088648756	164.0
0.06819393501966121	165.0
0.06830914376996165	166.0
0.06842435252026209	167.0
0.06854848312369716	168.0
0.06867261372713222	169.0
0.0687844589365878	170.0
0.06889630414604338	171.0
0.06901713578885064	172.0
0.06913796743165791	173.0
0.06924657107547627	174.0
0.06935517471929463	175.0
0.0694728266133056	176.0
0.06959047850731657	177.0
0.06969595732776261	178.0
0.06980143614820865	179.0
0.06991331437763006	180.0
0.07002519260705146	181.0
0.07013038623593294	182.0
0.07023557986481442	183.0
0.0703407734936959	184.0
0.07045046672626128	185.0
0.07056015995882665	186.0
0.07066024446871257	187.0
0.07076032897859848	188.0
0.07086719672826358	189.0
0.07097406447792869	190.0
0.07107137142939467	191.0
0.07116867838086065	192.0
0.07127281951869724	193.0
0.07137696065653383	194.0
0.0714715871770898	195.0
0.07156621369764578	196.0
0.07166772322948642	197.0
0.07176923276132706	198.0
0.07186127192360639	199.0
0.07195331108588572	200.0
0.07205228006158124	201.0
0.07215124903727675	202.0
0.07224079004793135	203.0
0.07233033105858595	204.0
0.07242684675584686	205.0
0.07252336245310777	206.0
0.0726104908320057	207.0
0.07269761921090363	208.0
0.07279176530963193	209.0
0.07288591140836022	210.0
0.07297070915847852	211.0
0.07305550690859682	212.0
0.07314736365612678	213.0
0.07323922040365675	214.0
0.073321766172066	215.0
0.07340431194047524	216.0
0.07349395630808347	217.0
0.07358360067569171	218.0
0.07366396990594476	219.0
0.07374433913619781	220.0
0.07383184496714681	221.0
0.07391935079809582	222.0
0.07399761587423019	223.0
0.07407588095036456	224.0
0.07416131909962714	225.0
0.07424675724888972	226.0
0.07432298763111031	227.0
0.0743992180133309	228.0
0.07448265647894821	229.0
0.07456609494456552	230.0
0.07463937777046713	231.0
0.07471266059636873	232.0
0.07479516500878372	233.0
0.07487766942119871	234.0
0.07494904893007372	235.0
0.07502042843894872	236.0
0.07510106187812189	237.0
0.07518169531729506	238.0
0.07525123277173677	239.0
0.07532077022617849	240.0
0.0753995929044833	241.0
0.0754784155827881	242.0
0.0755461700360653	243.0
0.0756139244893425	244.0
0.07569099422265883	245.0
0.07576806395597517	246.0
0.07583409210664983	247.0
0.0759001202573245	248.0
0.07597491928543038	249.0
0.07604499593320016	250.0
0.07611465741806196	251.0
0.07618431890292376	252.0
0.07625398038778557	253.0
0.07632118703584605	254.0
0.07638839368390653	255.0
0.07645560033196701	256.0
0.07652280698002749	257.0
0.07659001362808797	258.0
0.07665722027614845	259.0
0.07672442692420893	260.0
0.07678889590555177	261.0
0.0768533648868946	262.0
0.07691783386823745	263.0
0.07698230284958028	264.0
0.07704677183092312	265.0
0.07711124081226596	266.0
0.0771757097936088	267.0
0.0772382222209709	268.0
0.07730073464833301	269.0
0.07735635266746364	270.0
0.07741834508478344	271.0
0.07748778715427998	272.0
0.0775491031196687	273.0
0.07761041908505742	274.0
0.07767173505044614	275.0
0.07773305101583486	276.0
0.07779093460971422	277.0
0.07784881820359357	278.0
0.07790982640109176	279.0
0.07797083459858994	280.0
0.07802739603955067	281.0
0.07808395748051139	282.0
0.07814366376530926	283.0
0.07820337005010713	284.0
0.0782549276581168	285.0
0.07830648526612646	286.0
0.07836867691528708	287.0
0.0784308685644477	288.0
0.0784811822227997	289.0
0.07853149588115171	290.0
0.07859246234810252	291.0
0.07865342881505333	292.0
0.07870253427348477	293.0
0.0787516397319162	294.0
0.07881141684409812	295.0
0.07887119395628003	296.0
0.07891912641461266	297.0
0.07896705887294528	298.0
0.07902568114839417	299.0
0.07908430342384307	300.0
0.7867466482086627	300.0
0.7868345611424746	299.0
0.7869224740762866	298.0
0.7870165344721256	297.0
0.7871105948679646	296.0
0.7872007660341126	295.0
0.7872909372002606	294.0
0.7873872950348798	293.0
0.7874836528694991	292.0
0.7875761622917673	291.0
0.7876686717140355	290.0
0.7877674087910024	289.0
0.7878661458679692	288.0
0.7879610772094131	287.0
0.788056008550857	286.0
0.788157210289043	285.0
0.7882584120272289	284.0
0.7883622201555622	283.0
0.7884660282838956	282.0
0.7885634662609766	281.0
0.7886609042380577	280.0
0.7887673118229899	279.0
0.7888737194079221	278.0
0.788973804975764	277.0
0.7890738905436059	276.0
0.7891809033745248	275.0
0.7892879162054438	274.0
0.7893949290363628	273.0
0.7895019418672817	272.0
0.7895964124334486	271.0
0.7897048808671119	270.0
0.789821256298981	269.0
0.7899238540988915	268.0
0.790026451898802	267.0
0.7901410253767853	266.0
0.7902555988547686	265.0
0.7903701723327519	264.0
0.7904847458107351	263.0
0.7905993192887184	262.0
0.7907138927667017	261.0
0.790828466244685	260.0
0.790947499600141	259.0
0.791066532955597	258.0
0.7911855663110531	257.0
0.7913045996665091	256.0
0.7914236330219652	255.0
0.7915426663774212	254.0
0.7916616997328773	253.0
0.791785864440387	252.0
0.7919100291478968	251.0
0.7920341938554065	250.0
0.792173774953086	249.0
0.7922956898119072	248.0
0.7924276744902803	247.0
0.7925596591686533	246.0
0.7926841741963644	245.0
0.7928086892240754	244.0
0.7929443258353667	243.0
0.7930799624466579	242.0
0.7932082041966284	241.0
0.7933364459465989	240.0
0.7934758833321464	239.0
0.7936153207176938	238.0
0.7937474419084612	237.0
0.7938795630992287	236.0
0.7940229578760251	235.0
0.7941663526528214	234.0
0.7943025140505431	233.0
0.7944386754482647	232.0
0.794586192412292	231.0
0.7947337093763193	230.0
0.7948757997508299	229.0
0.7950178901253405	228.0
0.7951680191981391	227.0
0.7953181482709376	226.0
0.7954646255938229	225.0
0.7956111029167082	224.0
0.795765710925404	223.0
0.7959203189340999	222.0
0.7960713716534454	221.0
0.796222424372791	220.0
0.7963817048789639	219.0
0.7965409853851367	218.0
0.7966968124426929	217.0
0.796852639500249	216.0
0.7970167969193729	215.0
0.7971809543384968	214.0
0.7973417659095065	213.0
0.7975025774805161	212.0
0.7976718278505784	211.0
0.7978410782206408	210.0
0.7980070965133576	209.0
0.7981731148060743	208.0
0.7983476866193187	207.0
0.798522258432563	206.0
0.7986937185544449	205.0
0.7988651786763269	204.0
0.7990453137813087	203.0
0.7992254488862905	202.0
0.7994025997843358	201.0
0.7995797506823811	200.0
0.7997657052641168	199.0
0.7999516598458526	198.0
0.8001347653292278	197.0
0.800317870812603	196.0
0.8005099164593851	195.0
0.8007019621061672	194.0
0.8008913019601586	193.0
0.80108064181415	192.0
0.8012790666805595	191.0
0.801477491546969	190.0
0.8016733627483492	189.0
0.8018692339497294	188.0
0.8020743440265338	187.0
0.8022794541033381	186.0
0.8024821720222052	185.0
0.8026848899410722	184.0
0.802896001151257	183.0
0.8031071123614418	182.0
0.8033182235716266	181.0
0.8035327894555866	180.0
0.8037473553395466	179.0
0.8039706754806646	178.0
0.8041939956217826	177.0
0.8044114653691496	176.0
0.8046289351165167	175.0
0.8048600738490479	174.0
0.8050912125815791	173.0
0.8053167002521907	172.0
0.8055421879228023	171.0
0.8057815441876909	170.0
0.8060209004525795	169.0
0.8062548182848812	168.0
0.806488736117183	167.0
0.806736735656782	166.0
0.8069847351963809	165.0
0.8072275233568682	164.0
0.8074703115173555	163.0
0.8077274091611898	162.0
0.8079845068050241	161.0
0.8082366357927102	160.0
0.8084887647803963	159.0
0.8087554469734229	158.0
0.8090221291664496	157.0
0.8092841024752574	156.0
0.8095460757840652	155.0
0.809822863389186	154.0
0.8100996509943067	153.0
0.8103720080675971	152.0
0.8106443651408876	151.0
0.8109318165150441	150.0
0.8112192678892006	149.0
0.8115116224976789	148.0
0.8118039771061573	147.0
0.8120963317146356	146.0
0.8123886863231139	145.0
0.8126900102906844	144.0
0.812991334258255	143.0
0.8132962082773229	142.0
0.8136010822963907	141.0
0.8139140396454879	140.0
0.8142269969945851	139.0
0.8145457630884755	138.0
0.8148645291823658	137.0
0.8151832952762562	136.0
0.8155139595160685	135.0
0.8158446237558808	134.0
0.8161752879956932	133.0
0.8165151180371811	132.0
0.8168549480786691	131.0
0.8171997691464595	130.0
0.81754459021425	129.0
0.8178994093952269	128.0
0.8182542285762038	127.0
0.8186090477571807	126.0
0.8189760354268333	125.0
0.8193430230964859	124.0
0.8197100107661385	123.0
0.820088888054453	122.0
0.8204677653427676	121.0
0.8208466426310821	120.0
0.8212384055753662	119.0
0.8216301685196503	118.0
0.8220263179189706	117.0
0.8224269242532303	116.0
0.8228320595254759	115.0
0.8232417973049271	114.0
0.8236562127716311	113.0
0.8240753826454802	112.0
0.824499386246545	111.0
0.8249232707611269	110.0
0.8253571948758958	109.0
0.8257961989874483	108.0
0.8262403689784711	107.0
0.8266897927046759	106.0
0.8271445600547613	105.0
0.8276047630127253	104.0
0.8280704957226571	103.0
0.8285418545561224	102.0
0.8290189381822795	101.0
0.8295018476408479	100.0
0.8299906864182279	99.0
0.8304855603325678	98.0
0.8309865790696981	97.0
0.8314890348745263	96.0
0.8320026836458996	95.0
0.8325228280049181	94.0
0.8330495996003293	93.0
0.8335830989137898	92.0
0.8341234529881583	91.0
0.8346707917434164	90.0
0.8352252483280314	89.0
0.8357869922960308	88.0
0.8363561056491245	87.0
0.8369327571972582	86.0
0.8375170949071843	85.0
0.8381092708048103	84.0
0.8387094411370449	83.0
0.839317766538855	82.0
0.8399344122070272	81.0
0.8405595480817225	80.0
0.8411933490367296	79.0
0.8418359950792355	78.0
0.8424876715599091	77.0
0.8431485693940978	76.0
0.8438188852949798	75.0
0.8444988220195186	74.0
0.8451885886576798	73.0
0.8458884007313161	72.0
0.8465987205341561	71.0
0.8473193045438026	70.0
0.8480506230968213	69.0
0.8487929212329075	68.0
0.8495464522052567	67.0
0.8503114778704525	66.0
0.8510882691031154	65.0
0.8518771062373096	64.0
0.8526782795369138	63.0
0.8534920896973671	62.0
0.8543188483814547	61.0
0.8551588787920656	60.0
0.8560125162851631	59.0
0.8568801090265531	58.0
0.857762018696422	57.0
0.8586586212460567	56.0
0.859570307711649	55.0
0.8604974850906517	54.0
0.8614405772867866	53.0
0.8624000261305285	52.0
0.8633762924827166	51.0
0.8643698574298835	50.0
0.8653812235809772	49.0
0.8664109164763896	48.0
0.8674594861216365	47.0
0.8685275086596875	46.0
0.8696155881979057	45.0
0.8707243588072162	44.0
0.8718544868948559	43.0
0.8730066725376404	42.0
0.8741822273952508	41.0
0.8753807778379291	40.0
0.8766037235744065	39.0
0.8778519331679304	38.0
0.8791263261722503	37.0
0.8804278798136451	36.0
0.8817576209879846	35.0
0.8831214795903624	34.0
0.8845109282812174	33.0
0.8859320977467056	32.0
0.8873863289517921	31.0
0.8888750593161903	30.0
0.8903999484504991	29.0
0.8919624318110309	28.0
0.8935644140114529	27.0
0.8952078493342114	26.0
0.8968948527464038	25.0
0.898627729368723	24.0
0.9004090002863984	23.0
0.902241433359517	22.0
0.9041280799273568	21.0
0.9060723190309379	20.0
0.9080779118460295	19.0
0.9101490630798353	18.0
0.9122910835262799	17.0
0.914508160695094	16.0
0.9168070274018296	15.0
0.9191947361059443	14.0
0.9216794814824675	13.0
0.9242708860017849	12.0
0.9269803950001017	11.0
0.9298213857731482	10.0
0.932812427074215	9.0
0.9359729577511263	8.0
0.9393308280758745	7.0
0.9429246391701561	6.0
0.9468022103169494	5.0
0.9510322927797495	4.0
0.9557225336226537	3.0
0.9610687273106232	2.0
0.9674581407186177	1.0
0.9760516914567513	0.0
