0.02394830854324873	0.0
0.024141377780647708	0.25
0.024335954914662672	0.5
0.024529943053116874	0.75
0.024711729265046452	1.0
0.024887263944032078	1.25
0.025058123133705593	1.5
0.025226195480533748	1.75
0.02539064659040304	2.0
0.025550133359065273	2.25
0.025708058207029767	2.5
0.025863113552729203	2.75
0.026015476613867022	3.0
0.026165302413201256	3.25
0.02631272817558895	3.5
0.026457876241155472	3.75
0.026598909012003444	4.0
0.026739852381277438	4.25
0.02687879276561403	4.5
0.027015875132402837	4.75
0.02715110098303666	5.0
0.02728446034231914	5.25
0.02741472449840601	5.5
0.027544934294064242	5.75
0.027673590492374188	6.0
0.0277991927869479	6.25
0.027924940349203044	6.5
0.028047989003014778	6.75
0.028169008372720204	7.0
0.0283563502262604	7.25
0.02848314703070082	7.5
0.028608639778680497	7.75
0.02873265986051083	8.0
0.02885617548401143	8.25
0.02897893449147028	8.5
0.029100743475694257	8.75
0.02922157559159424	9.0
0.02934160183939668	9.25
0.029460208955676664	9.5
0.02957847438453375	9.75
0.02969603859018834	10.0
0.029812679451473582	10.25
0.029928751167995444	10.5
0.030043923988306846	10.75
0.030158366470587464	11.0
0.030272093640180943	11.25
0.030385119883664012	11.5
0.030497458964411864	11.75
0.030609124069025724	12.0
0.03072036643906569	12.25
0.03083074093097295	12.5
0.03094047782187287	12.75
0.03104958830831646	13.0
0.031158083198683212	13.25
0.03126597289874126	13.5
0.03137326743996977	13.75
0.031479976499717434	14.0
0.03158610941991885	14.25
0.03169167522450097	14.5
0.031796682635596485	14.75
0.03190114008866763	15.0
0.03200505574663384	15.25
0.032108437513084724	15.5
0.032211293044653415	15.75
0.032313629762616536	16.0
0.03241545486378117	16.25
0.032516775330713246	16.5
0.03261759794135704	16.75
0.03271792927809018	17.0
0.03281777573625576	17.25
0.03291714353220823	17.5
0.03301603871090809	17.75
0.0331144671530955	18.0
0.03321243458207256	18.25
0.03330994657011998	18.5
0.0334073757444616	18.75
0.03350400229856103	19.0
0.03360018930049213	19.25
0.03369594174866537	19.5
0.03379126455451008	19.75
0.03388616250215187	20.0
0.03398064026113234	20.25
0.03407470239063522	20.5
0.034168353343510774	20.75
0.034261597470107444	21.0
0.034354439021923956	21.25
0.034446882155090404	21.5
0.03453893093368952	21.75
0.03463058933292632	22.0
0.03472186124215511	22.25
0.03481275046777099	22.5
0.03490326073597435	22.75
0.034993395695413945	23.0
0.035083158919716424	23.25
0.035172553909906694	23.5
0.03526158409672672	23.75
0.035350252842856096	24.0
0.03543856344504128	24.25
0.0355265191361365	24.5
0.03561412308706202	24.75
0.03570137840868296	25.0
0.035788288153613526	25.25
0.03587485531794936	25.5
0.0359610828429321	25.75
0.03604697361654926	26.0
0.03613286439016642	26.25
0.036217184890983384	26.5
0.03630150539180035	26.75
0.03638582589261731	27.0
0.03647089154880351	27.25
0.036555957204989706	27.5
0.036641022861175904	27.75
0.03672171380252265	28.0
0.03680469246932863	28.25
0.036887671136134614	28.5
0.036969720418056434	28.75
0.037051769699978254	29.0
0.037133818981900074	29.25
0.03721497511833805	29.5
0.03729613125477603	29.75
0.03737728739121401	30.0
0.03745753979621199	30.25
0.03753779220120997	30.5
0.037618044606207955	30.75
0.03769747327158585	31.0
0.03777690193696375	31.25
0.03785633060234165	31.5
0.0379347559045966	31.75
0.03801318120685155	32.0
0.0380916065091065	32.25
0.03816959059368509	32.5
0.03824757467826368	32.75
0.038324771932590526	33.0
0.03840196918691737	33.25
0.03847887048933318	33.5
0.038555771791748995	33.75
0.03863190059911323	34.0
0.03870802940647746	34.25
0.038783876289266384	34.5
0.038859723172055306	34.75
0.038934811156308084	35.0
0.03900989914056086	35.25
0.03908471852099276	35.5
0.03915953790142466	35.75
0.03923361130516191	36.0
0.039307684708899164	36.25
0.03938175811263642	36.5
0.03945507573734145	36.75
0.039528393362046485	37.0
0.03960171098675152	37.25
0.03967502861145655	37.5
0.03974692612262372	37.75
0.039818823633790884	38.0
0.03989072114495805	38.25
0.03996328874100895	38.5
0.04003585633705985	38.75
0.040106349280081326	39.0
0.040176842223102804	39.25
0.040248477802011004	39.5
0.040320113380919204	39.75
0.04038968494548847	40.0
0.04045925651005773	40.25
0.040529981300059845	40.5
0.04060070609006196	40.75
0.04066937707383025	41.0
0.040738048057598536	41.25
0.04080788241633141	41.5
0.040877716775064285	41.75
0.040945507113423145	42.0
0.041013297451782005	42.25
0.04108226090480584	42.5
0.04115122435782967	42.75
0.041218153182796494	43.0
0.04128508200776332	43.25
0.041353193304616766	43.5
0.04142130460147021	43.75
0.04148739029507813	44.0
0.04155347598868604	44.25
0.04162075315376959	44.5
0.04168803031885314	44.75
0.041753290561671236	45.0
0.04181855080448933	45.25
0.04188501118336018	45.5
0.04195147156223103	45.75
0.04201592337755951	46.0
0.04208037519288799	46.25
0.042146035494474356	46.5
0.042211695796060725	46.75
0.04227535559027332	47.0
0.04233901538448591	47.25
0.04240389171966284	47.5
0.042468768054839776	47.75
0.04253165165428737	48.0
0.042594535253734966	48.25
0.04265864317064694	48.5
0.04272275108755891	48.75
0.04278487377239573	49.0
0.042846996457232556	49.25
0.04291035097370217	49.5
0.04297370549017178	49.75
0.04303508202542045	50.0
0.043096458560669126	50.25
0.04315907419398912	50.5
0.04322168982730912	50.75
0.04328233449144409	51.0
0.04334297915557907	51.25
0.04340486994994927	51.5
0.043466760744319474	51.75
0.043526687355615074	52.0
0.04358661396691067	52.25
0.04364779351875131	52.5
0.04370897307059195	52.75
0.04376819501145212	53.0
0.04382741695231229	53.25
0.043887898433658555	53.5
0.04394837991500482	53.75
0.04400691015446747	54.0
0.04406544039393012	54.25
0.044125236574089004	54.5
0.044185032754247885	54.75
0.04424288386883541	55.0
0.044300734983422935	55.25
0.04435985824905484	55.5
0.04441898151468675	55.75
0.04447616570775442	56.0
0.0445333499008221	56.25
0.04459181227459013	56.5
0.04465027464835816	56.75
0.044706407564620826	57.0
0.04476254048088349	57.25
0.044820749763365954	57.5
0.04487895904584842	57.75
0.04493444845936381	58.0
0.04498993787287921	58.25
0.04504750936156151	58.5
0.04510508085024381	58.75
0.0451599379250375	59.0
0.045215916930715715	59.25
0.04527189593639393	59.5
0.04532787494207214	59.75
0.04538292018019722	60.0
0.0454379654183223	60.25
0.045493010656447376	60.5
0.045548055894572455	60.75
0.045603101132697534	61.0
0.04565814637082261	61.25
0.04571319160894769	61.5
0.045767234000322184	61.75
0.045821276391696676	62.0
0.04587531878307117	62.25
0.04592936117444566	62.5
0.045983403565820154	62.75
0.046037445957194646	63.0
0.04609080662555709	63.25
0.046144167293919534	63.5
0.04619752796228198	63.75
0.04625088863064442	64.0
0.04630424929900687	64.25
0.04635643551296928	64.5
0.04640862172693169	64.75
0.046460807940894105	65.0
0.04651299415485652	65.25
0.04656518036881893	65.5
0.046617366582781344	65.75
0.04667048392979026	66.0
0.04672360127679917	66.25
0.04677404582672014	66.5
0.046824490376641104	66.75
0.04687705498005341	67.0
0.04692961958346571	67.25
0.046979515677626454	67.5
0.0470294117717872	67.75
0.04708143239113148	68.0
0.047133453010475765	68.25
0.04718280937938574	68.5
0.04723216574829571	68.75
0.04728365100798208	69.0
0.04733513626766846	69.25
0.04738396143391161	69.5
0.047432786600154764	69.75
0.04748374492055206	70.0
0.047534703240949355	70.25
0.04758300552680747	70.5
0.047631307812665585	70.75
0.04768174741751779	71.0
0.04773218702236999	71.25
0.04777997455703883	71.5
0.047827762091707665	71.75
0.04787769101515682	72.0
0.047927619938605975	72.25
0.047974900665030615	72.5
0.048022181391455254	72.75
0.048071607484695716	73.0
0.04812103357793618	73.25
0.04816781525929272	73.5
0.048214596940649265	73.75
0.0482635278782405	74.0
0.04831245881583174	74.25
0.048358749041677626	74.5
0.048405039267523514	74.75
0.04845348255338394	75.0
0.04850192583924437	75.25
0.04854773203136143	75.5
0.04859353822347849	75.75
0.048641501196581054	76.0
0.048689464169683616	76.25
0.048734793587633024	76.5
0.04878012300558243	76.75
0.04882761284537284	77.0
0.04887510268516325	77.25
0.048919962431571234	77.5
0.04896482217797922	77.75
0.04901184590953354	78.0
0.049058869641087854	78.25
0.049103266666679725	78.5
0.049147663692271595	78.75
0.04919422819121013	79.0
0.049240792690148666	79.25
0.04928473379854747	79.5
0.04932867490694627	79.75
0.04937478690411904	80.0
0.04942089890129181	80.25
0.04946439075359518	80.5
0.04950788260589856	80.75
0.04955354869185671	81.0
0.04959921477781486	81.25
0.049642263896964606	81.5
0.049685313016114355	81.75
0.04973053964538016	82.0
0.04977576627464597	82.25
0.04981837904960217	82.5
0.04986099182455837	82.75
0.049905785319706256	83.0
0.04995057881485414	83.25
0.04999276150458623	83.5
0.05003494419431832	83.75
0.0500793107498772	84.0
0.05012367730543607	84.25
0.05016543604274079	84.5
0.05020719478004551	84.75
0.050251140466234454	85.0
0.050295086152423396	85.25
0.05033642694757974	85.5
0.050377767742736085	85.75
0.05042129850904099	86.0
0.0504648292753459	86.25
0.05050575801961687	86.5
0.050546686763887835	86.75
0.05058980844248907	87.0
0.05063293012109031	87.25
0.050673452590079354	87.5
0.0507139750590684	87.75
0.05075669336812746	88.0
0.05079941167718652	88.25
0.05083953353405677	88.5
0.05087965539092702	88.75
0.050921975937739915	89.0
0.05096429648455281	89.25
0.051004023283116595	89.5
0.051043750081680384	89.75
0.051085678365704434	90.0
0.051127606649728485	90.25
0.05116694383741432	90.5
0.05120628102510015	90.75
0.051247822440861096	91.0
0.05128936385662204	91.25
0.051328316777324134	91.5
0.05136726969802623	91.75
0.051408429537912206	92.0
0.051449589377798186	92.25
0.05148816327461557	92.5
0.051526737171432954	92.75
0.05156752062838027	93.0
0.051608304085327586	93.25
0.051646370045121265	93.5
0.051684436004914944	93.75
0.05172498405359058	94.0
0.05176553210226621	94.25
0.051803229269012444	94.5
0.051840926435758675	94.75
0.05188110823309041	95.0
0.051921290030422146	95.25
0.051958623348987196	95.5
0.051995956667552246	95.75
0.05203577712388363	96.0
0.052075597580215016	96.25
0.05211257191670498	96.5
0.05214954625319494	96.75
0.05218901018926741	97.0
0.052228474125339874	97.25
0.052265094257368666	97.5
0.05230171438939746	97.75
0.052340826538578286	98.0
0.052379938687759114	98.25
0.05241620930663563	98.5
0.05245247992551215	98.75
0.05249124493594126	99.0
0.05253000994637037	99.25
0.05256593565920611	99.5
0.05260186137204184	99.75
0.052640283808700915	100.0
0.05267870624535999	100.25
0.052714291577100524	100.5
0.05274987690884106	100.75
0.05278796125554757	101.0
0.05282604560225408	101.25
0.052861294997637115	101.5
0.05289654439302015	101.75
0.05293429505434873	102.0
0.05297204571567732	102.25
0.0530069635411188	102.5
0.05304188136656028	102.75
0.05307930266969326	103.0
0.05311672397282624	103.25
0.05315131451823543	103.5
0.05318590506364462	103.75
0.05322300126015293	104.0
0.05326009745666124	104.25
0.05329436493718718	104.5
0.053328632417713115	104.75
0.05336540768526633	105.0
0.05340218295281955	105.25
0.05343613151052651	105.5
0.053470080068233464	105.75
0.05350653851223997	106.0
0.05354299695624648	106.25
0.05357663066171779	106.5
0.0536102643671891	106.75
0.0536464100223617	107.0
0.0536825556775343	107.25
0.053715878531399065	107.5
0.05374920138526383	107.75
0.05378503821710711	108.0
0.05382087504895039	108.25
0.0538538909833272	108.5
0.05388690691770401	108.75
0.05392243882391094	109.0
0.05395797073011788	109.25
0.053990683609963445	109.5
0.054023396489809014	109.75
0.05405862730155349	110.0
0.05409385811329796	110.25
0.0541262717376362	110.5
0.054158685361974435	110.75
0.054193618845071345	111.0
0.054228552328168256	111.25
0.054260670431167696	111.5
0.054292788534167136	111.75
0.05432742839005149	112.0
0.05436206824593584	112.25
0.05439389449777138	112.5
0.054425720749606915	112.75
0.054460070616050155	113.0
0.054494420482493394	113.25
0.054525942801626204	113.5
0.05455746512075901	113.75
0.05459154613708219	114.0
0.05462562715340537	114.25
0.05465686482744244	114.5
0.05468810250147951	114.75
0.054721900673875855	115.0
0.0547556988462722	115.25
0.05478665536373428	115.5
0.05481761188119637	115.75
0.05485113066824161	116.0
0.05488464945528686	116.25
0.05491532824408843	116.5
0.05494600703289	116.75
0.054979249829910315	117.0
0.05501249262693063	117.25
0.05504289704978048	117.5
0.05507330147263033	117.75
0.05510627160650714	118.0
0.055139241740383954	118.25
0.055169375086018345	118.5
0.055199508431652736	118.75
0.05523220914577898	119.0
0.05526490985990522	119.25
0.055294775316176124	119.5
0.05532464077244703	119.75
0.05535707517557033	120.0
0.055389509578693624	120.25
0.0554191201217915	120.5
0.05544873066488938	120.75
0.05548089387803077	121.0
0.05551305709117216	121.25
0.05554240556708619	121.5
0.055571754043000215	121.75
0.05560366574798082	122.0
0.055635577452961424	122.25
0.055667331524437286	122.5
0.05569908559591315	122.75
0.05572807403633345	123.0
0.05575706247675376	123.25
0.05578856159662252	123.5
0.05582006071649129	123.75
0.05584879558671732	124.0
0.05587753045694335	124.25
0.0559087775887581	124.5
0.05594002472057284	124.75
0.0559685090278711	125.0
0.05599699333516936	125.25
0.05602799146176852	125.5
0.05605898958836768	125.75
0.05608722629332465	126.0
0.05611546299828163	126.25
0.05614621505630402	126.5
0.05617696711432642	126.75
0.05620495913177209	127.0
0.056232951149217766	127.25
0.05626346003001778	127.5
0.056293968910817796	127.75
0.05632171911073043	128.0
0.056349469310643066	128.25
0.056379737861182826	128.5
0.056410006411722585	128.75
0.056437517620109304	129.0
0.05646502882849602	129.25
0.056495059852215104	129.5
0.056525090875934186	129.75
0.0565523658756897	130.0
0.05657964087544522	130.25
0.056609437133108176	130.5
0.056639233390771135	130.75
0.056666274922515504	131.0
0.05669331645425987	131.25
0.05672288066478246	131.5
0.05675244487530505	131.75
0.0567792556381994	132.0
0.056806066401093744	132.25
0.056835401242348954	132.5
0.056864736083604164	132.75
0.0568913187361474	133.0
0.05691790138869064	133.25
0.05694700949829483	133.5
0.056976117607899016	133.75
0.05700247476870425	134.0
0.057028831929509485	134.25
0.05705771590558861	134.5
0.05708659988166774	134.75
0.05711273413022035	135.0
0.05713886837877295	135.25
0.05716753078071152	135.5
0.05719619318265008	135.75
0.05722210706004672	136.0
0.057248020937443356	136.25
0.05727646428661398	136.5
0.05730490763578461	136.75
0.05733060364545527	137.0
0.05735629965512594	137.25
0.05738452643560254	137.5
0.05741275321607914	137.75
0.05743823382449156	138.0
0.057463714432903976	138.25
0.05749172709215743	138.5
0.05751973975141088	138.75
0.057545007388758174	139.0
0.05757027502610547	139.25
0.05759807597568288	139.5
0.05762587692526029	139.75
0.057650933986132955	140.0
0.05767599104700562	140.25
0.05770358266319409	140.5
0.05773117427938257	140.75
0.05775602312342411	141.0
0.05778087196746565	141.25
0.05780825659194012	141.5
0.05783564121641459	141.75
0.05786028416896278	142.0
0.05788492712151097	142.25
0.05791210706196726	142.5
0.05793928700242355	142.75
0.05796372635513604	143.0
0.057988165707848524	143.25
0.05801514323862203	143.5
0.058042120769395536	143.75
0.05806635878086184	144.0
0.05809059679232814	144.25
0.05811737415499824	144.5
0.058144151517668344	144.75
0.05816819041400738	145.0
0.05819222931034641	145.25
0.058218808714327414	145.5
0.058245388118308414	145.75
0.05826923009375286	146.0
0.0582930720691973	146.25
0.058319455692315426	146.5
0.05834583931543355	146.75
0.058369486532901145	147.0
0.05839313375036874	147.25
0.05841932373942724	147.5
0.058445513728485735	147.75
0.05846896832013733	148.0
0.058492422911788924	148.25
0.05851842138311959	148.5
0.05854441985445026	148.75
0.05856768392223626	149.0
0.05859094799002226	149.25
0.05861675703002517	149.5
0.058642566070028074	149.75
0.05866564168622234	150.0
0.05868871730241661	150.25
0.05871433896808806	150.5
0.05873996063375951	150.75
0.05876284984148162	151.0
0.05878573904920373	151.25
0.058811175368652525	151.5
0.05883661168810132	151.75
0.05885931650182726	152.0
0.0588820213155532	152.25
0.05890727428850609	152.5
0.05893252726145898	152.75
0.058955049667520874	153.0
0.05897757207358277	153.25
0.05900264367187825	153.5
0.059027715270173725	153.75
0.05905005722724932	154.0
0.059072399184324914	154.25
0.05909729135239688	154.5
0.05912218352046884	154.75
0.05914434696005974	155.0
0.05916651039965064	155.25
0.05919122505500151	155.5
0.05921593971035238	155.75
0.05923792653725239	156.0
0.0592599133641524	156.25
0.059284452397816614	156.5
0.05930899143148083	156.75
0.05933080352423436	157.0
0.05935261561698789	157.25
0.05937698089398496	157.5
0.05940134617098203	157.75
0.05942298538233284	158.0
0.059444624593683645	158.25
0.0594688179534619	158.5
0.059493011313240154	158.75
0.05951447947057085	159.0
0.05953594762790154	159.25
0.05955997088477282	159.5
0.0595839941416441	159.75
0.05960529304740599	160.0
0.059626591953167885	160.25
0.05965044689673293	160.5
0.05967430184029797	160.75
0.05969543327243242	161.0
0.05971656470456688	161.25
0.059740253100132264	161.5
0.05976394149569765	161.75
0.05978490720804821	162.0
0.05980587292039877	162.25
0.05982939650938461	162.5
0.059852920098370455	162.75
0.05987372182108748	163.0
0.059894523543804506	163.25
0.05991788404414424	163.5
0.059941244544483976	163.75
0.05996188398441968	164.0
0.05998252342435538	164.25
0.060005722530887325	164.5
0.06002892163741927	164.75
0.060049400478516195	165.0
0.06006987931961312	165.25
0.06009291870446366	165.5
0.060115958089314206	165.75
0.060136277992984336	166.0
0.060156597896654465	166.25
0.06017947920961465	166.5
0.06020236052257484	166.75
0.06022252312807172	167.0
0.0602426857335686	167.25
0.06026541060246167	167.5
0.06028813547135474	167.75
0.060308142396138686	168.0
0.06032814932092263	168.25
0.06035071935196491	168.5
0.06037328938300719	168.75
0.06039314222310244	169.0
0.060412995063197694	169.25
0.06043541184135261	169.5
0.06045782861950752	169.75
0.06047752894985198	170.0
0.060497229280196435	170.25
0.06051949436952085	170.5
0.06054175945884527	170.75
0.06056130883363443	171.0
0.060580858208423585	171.25
0.06060297315240759	171.5
0.0606250880963916	171.75
0.060644488049414906	172.0
0.060663888002438215	172.25
0.060683287955461525	172.5
0.0607064818559841	172.75
0.060727072698812	173.0
0.0607476635416399	173.25
0.0607682543844678	173.5
0.0607888452272957	173.75
0.060809436070123596	174.0
0.060830026912951494	174.25
0.06085061775577939	174.5
0.06087120859860729	174.75
0.06089179944143519	175.0
0.060910745301538956	175.25
0.06092969116164272	175.5
0.06095116350487536	175.75
0.060972635848108	176.0
0.06099143864680033	176.25
0.06101024144549266	176.5
0.06103157142431993	176.75
0.0610529014031472	177.0
0.06107156250839976	177.25
0.06109022361365232	177.5
0.06111141265029501	177.75
0.061132601686937696	178.0
0.061151122512251396	178.25
0.0611696433375651	178.5
0.06119069283594599	178.75
0.061211742334326885	179.0
0.06123012427504758	179.25
0.06124850621576827	179.5
0.06126941756180506	179.75
0.06129032890784185	180.0
0.061308573341446876	180.25
0.0613268177750519	180.5
0.06134731361226921	180.75
0.06136780944948651	181.0
0.061386196441977466	181.25
0.06140458343446842	181.5
0.06142494382797295	181.75
0.06144530422147748	182.0
0.06146355641675765	182.25
0.06148180861203782	182.5
0.06150203490695794	182.75
0.061522261201878065	183.0
0.06154037992541791	183.25
0.06155849864895775	183.5
0.061578592161976226	183.75
0.0615986856749947	184.0
0.06161667223548902	184.25
0.061634658795983344	184.5
0.06165462082714287	184.75
0.06167458285830239	185.0
0.06169243854793075	185.25
0.06171029423755911	185.5
0.06173012607052037	185.75
0.06174995790348163	186.0
0.06176768399816365	186.25
0.061785410092845675	186.5
0.06180511299514089	186.75
0.0618248158974361	187.0
0.06184241365708233	187.25
0.06186001141672856	187.5
0.06187958664000953	187.75
0.0618991618632905	188.0
0.06191663253204865	188.25
0.06193410320080679	188.5
0.06195355198108852	188.75
0.061973000761370245	189.0
0.06199034556786715	189.25
0.06200769037436406	189.5
0.06202701393226407	189.75
0.06204633749016408	190.0
0.06206355764774232	190.25
0.062080777805320564	190.5
0.062099977346294695	190.75
0.062119176887268826	191.0
0.062136273594219624	191.25
0.06215337030117042	191.5
0.062172447015742316	191.75
0.06219152373031421	192.0
0.06220849817010666	192.25
0.06222547260989911	192.5
0.06224442767388715	192.75
0.0622633827378752	193.0
0.062280236079380005	193.25
0.06229708942088481	193.5
0.06231592399562471	193.75
0.06233475857036461	194.0
0.0623514919680748	194.25
0.062368225365785	194.5
0.06238694059834757	194.75
0.06240565583091014	195.0
0.062422270425157536	195.25
0.062438885019404936	195.5
0.06245748204281078	195.75
0.06247607906621662	196.0
0.06249257598338456	196.25
0.0625090729005525	196.5
0.0625275528339825	196.75
0.06254603276741248	197.0
0.06256241312014356	197.25
0.06257879347287464	197.5
0.06259715748410585	197.75
0.06261448637802446	198.0
0.06263181527194306	198.25
0.06264914416586166	198.5
0.06266647305978026	198.75
0.06268380195369887	199.0
0.06270113084761747	199.25
0.06271845974153607	199.5
0.06273578863545468	199.75
0.06275311752937328	200.0
0.06277044642329188	200.25
0.06278777531721048	200.5
0.062803217825096	200.75
0.06281866033298152	201.0
0.06283716519992438	201.25
0.06285567006686725	201.5
0.06287100093818289	201.75
0.06288633180949853	202.0
0.062907224511283	202.25
0.06292811721306747	202.5
0.06294083469122025	202.75
0.06295355216937303	203.0
0.0629743351375714	203.25
0.06299511810576978	203.5
0.06300772588074359	203.75
0.0630203336557174	204.0
0.06304100751186655	204.25
0.0630616813680157	204.5
0.06307418045603322	204.75
0.06308667954405074	205.0
0.06310724529755124	205.25
0.06312781105105174	205.5
0.06314020245629604	205.75
0.06315259386154033	206.0
0.06317058063627046	206.25
0.06318856741100058	206.5
0.0632033277184006	206.75
0.06321808802580063	207.0
0.06323596844418515	207.25
0.06325384886256967	207.5
0.063268503502647	207.75
0.06328315814272432	208.0
0.06330093341634695	208.25
0.06331870868996957	208.5
0.0633332586312862	208.75
0.06334780857260282	209.0
0.06336547966391026	209.25
0.06338315075521771	209.5
0.06339759695489662	209.75
0.06341204315457553	210.0
0.06342961101467866	210.25
0.06344717887478178	210.5
0.0634615222786879	210.75
0.06347586568259402	211.0
0.06349333125143151	211.25
0.06351079682026901	211.5
0.06352503836317074	211.75
0.06353927990607246	212.0
0.06355664411257099	212.25
0.06357400831906952	212.5
0.0635881489247971	212.75
0.06360228953052467	213.0
0.06361955329275626	213.25
0.06363681705498785	213.5
0.06365085763659062	213.75
0.06366489821819339	214.0
0.0636820624435297	214.25
0.063699226668866	214.5
0.06371316812876499	214.75
0.06372710958866397	215.0
0.06374417517392936	215.25
0.06376124075919475	215.5
0.06377508398933379	215.75
0.06378892721947284	216.0
0.06380589505109328	216.25
0.06382286288271373	216.5
0.06383660876470793	216.75
0.06385035464670212	217.0
0.06386722560085223	217.25
0.06388409655500234	217.5
0.06389774596028427	217.75
0.06391139536556621	218.0
0.06392817030831409	218.25
0.06394494525106197	218.5
0.0639584990410246	218.75
0.06397205283098724	219.0
0.0639887326184361	219.25
0.06400541240588496	219.5
0.06401887143202323	219.75
0.0640323304581615	220.0
0.06404891593659016	220.25
0.06406550141501884	220.5
0.06407886651906759	220.75
0.06409223162311635	221.0
0.06410872362911661	221.25
0.06412521563511688	221.5
0.0641384876491873	221.75
0.06415175966325772	222.0
0.06416815902386937	222.25
0.06418455838448102	222.5
0.06419773813119553	222.75
0.06421091787791004	223.0
0.06422722541075337	223.25
0.0642435329435967	223.5
0.06425662123622039	223.75
0.06426970952884407	224.0
0.06428592604225054	224.25
0.06430214255565701	224.5
0.06431514019822782	224.75
0.06432813784079862	225.0
0.06434426413394026	225.25
0.0643603904270819	225.5
0.06437329821453706	225.75
0.06438620600199223	226.0
0.06440224286500817	226.25
0.06441827972802412	226.5
0.06443109844632575	226.75
0.06444391716462737	227.0
0.06445986537874773	227.25
0.0644758135928681	227.5
0.06448854401912811	227.75
0.06450127444538813	228.0
0.06451713478305587	228.25
0.06453299512072362	228.5
0.06454563802332382	228.75
0.06455828092592401	229.0
0.0645740541509162	229.25
0.06458982737590839	229.5
0.06460238351462037	229.75
0.06461493965333236	230.0
0.06463062652087838	230.25
0.0646463133884244	230.5
0.06465878351452681	230.75
0.06467125364062921	231.0
0.06468685489752662	231.25
0.06470245615442403	231.5
0.06471484101081892	231.75
0.06472722586721381	232.0
0.06474274225194372	232.25
0.06475825863667363	232.5
0.06477055895799907	232.75
0.06478285927932452	233.0
0.06479829152216394	233.25
0.06481372376500337	233.5
0.06482594027774609	233.75
0.06483815679048881	234.0
0.0648535056136218	234.25
0.06486885443675479	234.5
0.06488098785936	234.75
0.06489312128196521	235.0
0.06490838739959214	235.25
0.06492365351721906	235.5
0.0649357045601983	235.75
0.06494775560317755	236.0
0.06496293972162252	236.25
0.0649781238400675	236.5
0.06499009320610634	236.75
0.06500206257214518	237.0
0.06501716538996065	237.25
0.06503226820777612	237.5
0.06504415659183864	237.75
0.06505604497590116	238.0
0.06507106718397339	238.25
0.06508608939204562	238.5
0.06509789748147712	238.75
0.06510970557090863	239.0
0.06512464785255961	239.25
0.0651395901342106	239.5
0.0651513186088393	239.75
0.065163047083468	240.0
0.06517791011455587	240.25
0.06519277314564374	240.5
0.06520442267788124	240.75
0.06521607221011873	241.0
0.06523085665913701	241.25
0.0652456411081553	241.5
0.06525721236309462	241.75
0.06526878361803394	242.0
0.06528349014620935	242.25
0.06529819667438476	242.5
0.06530969030989722	242.75
0.06532118394540969	243.0
0.0653358132067978	243.25
0.0653504424681859	243.5
0.06536185913501681	243.75
0.06537327580184772	244.0
0.06538782844342736	244.25
0.065402381085007	244.5
0.06541372142686859	244.75
0.06542506176873018	245.0
0.06543953843049741	245.25
0.06545401509226463	245.5
0.0654652797459292	245.75
0.06547654439959376	246.0
0.06549094571465247	246.25
0.06550534702971118	246.5
0.06551653662510133	246.75
0.06552772622049148	247.0
0.0655420528151439	247.25
0.06555637940979632	247.5
0.0655674945700751	247.75
0.06557860973035388	248.0
0.0655928622241894	248.25
0.06560711471802493	248.5
0.06561815605968327	248.75
0.06562919740134161	249.0
0.06564337640732376	249.25
0.06565755541330591	249.5
0.0656685235462502	249.75
0.0656794916791945	250.0
0.06569359780374673	250.25
0.06570770392829896	250.5
0.06571859945593563	250.75
0.06572949498357229	251.0
0.06574352882666355	251.25
0.06575756266975481	251.5
0.06576838618907471	251.75
0.06577920970839461	252.0
0.06579317186362195	252.25
0.06580713401884929	252.5
0.06581788612050998	252.75
0.06582863822217068	253.0
0.06584252927684148	253.25
0.06585642033151227	253.5
0.06586710159991994	253.75
0.06587778286832761	254.0
0.06589160340354062	254.25
0.06590542393875364	254.5
0.06591603495214303	254.75
0.06592664596553242	255.0
0.06594039655625697	255.25
0.06595414714698151	255.5
0.06596468847749454	255.75
0.06597522980800756	256.0
0.06598891102316216	256.25
0.06600259223831677	256.5
0.06601306445208124	256.75
0.06602353666584572	257.0
0.06603714906837418	257.25
0.06605076147090265	257.5
0.06606116512810797	257.75
0.0660715687853133	258.0
0.06608511293226225	258.25
0.06609865707921121	258.5
0.06610899273418377	258.75
0.06611932838915634	259.0
0.0661328048317486	259.25
0.06614628127434087	259.5
0.06615654947561847	259.75
0.06616681767689607	260.0
0.06618022696060484	260.25
0.06619363624431361	260.5
0.06620383753471885	260.75
0.0662140388251241	261.0
0.06622738148974462	261.25
0.06624072415436515	261.5
0.06625085907107676	261.75
0.06626099398778838	262.0
0.06627427056751085	262.25
0.06628754714723332	262.5
0.06629761622185672	262.75
0.06630768529648011	263.0
0.06632089631995872	263.25
0.06633410734343732	263.5
0.0663441111020749	263.75
0.06635411486071248	264.0
0.06636726085113442	264.25
0.06638040684155637	264.5
0.06639034580487654	264.75
0.06640028476819672	265.0
0.06641336624335101	265.25
0.0664264477185053	265.5
0.06643632240180887	265.75
0.06644619708511244	266.0
0.06645921455745664	266.25
0.06647223202980083	266.5
0.0664820429430885	266.75
0.06649185385637617	267.0
0.06650480783310211	267.25
0.06651776180982806	267.5
0.06652750945786555	267.75
0.06653725710590304	268.0
0.06655014808900257	268.25
0.0665630390721021	268.5
0.06657272395448426	268.75
0.0665824088368664	269.0
0.06659523732319438	269.25
0.06660806580952235	269.5
0.06661768842073755	269.75
0.06662731103195275	270.0
0.06664007751329085	270.25
0.06665284399462894	270.5
0.06666240482412115	270.75
0.06667196565361337	271.0
0.06668467061673085	271.25
0.06669737557984833	271.5
0.06670687511207861	271.75
0.06671637464430889	272.0
0.06672901857102516	272.25
0.06674166249774142	272.5
0.06675110121224823	272.75
0.06676053992675503	273.0
0.0667731232939985	273.25
0.06678570666124196	273.5
0.06679508503270112	273.75
0.06680446340416028	274.0
0.06681698668402813	274.25
0.06682950996389599	274.5
0.0668388284621791	274.75
0.06684814696046222	275.0
0.06686061062027816	275.25
0.0668730742800941	275.5
0.06688233337032642	275.75
0.06689159246055874	276.0
0.06690310441573992	276.25
0.0669146163709211	276.5
0.06692471230473447	276.75
0.06693480823854785	277.0
0.06694626147785228	277.25
0.06695771471715671	277.5
0.06696775217645581	277.75
0.06697778963575492	278.0
0.06698918463809002	278.25
0.06700057964042512	278.5
0.06701055907662429	278.75
0.06702053851282345	279.0
0.06703187572724807	279.25
0.06704321294167269	279.5
0.06705313480167575	279.75
0.06706305666167882	280.0
0.06707433653276781	280.25
0.06708561640385681	280.5
0.06709548113010852	280.75
0.06710534585636023	281.0
0.06711656882425883	281.25
0.06712779179215743	281.5
0.06713759982269861	281.75
0.06714740785323979	282.0
0.06715857435371442	282.25
0.06716974085418904	282.5
0.06717949262270764	282.75
0.06718924439122624	283.0
0.06720035485571742	283.25
0.0672114653202086	283.5
0.06722116125609108	283.75
0.06723085719197357	284.0
0.06724191204764693	284.25
0.06725296690332029	284.5
0.06726260743170184	284.75
0.0672722479600834	285.0
0.06728324762987954	285.25
0.06729424729967569	285.5
0.06730383284148997	285.75
0.06731341838330425	286.0
0.06732436328598793	286.25
0.0673353081886716	286.5
0.06734483916070037	286.75
0.06735437013272914	287.0
0.06736526068293722	287.25
0.06737615123314529	287.5
0.06738562804806533	287.75
0.06739510486298537	288.0
0.0674059414712746	288.25
0.06741677807956382	288.5
0.06742620114599505	288.75
0.06743562421242628	289.0
0.06744640728532068	289.25
0.06745719035821508	289.5
0.06746656008076549	289.75
0.06747592980331589	290.0
0.06748665974335176	290.25
0.06749738968338763	290.5
0.0675067064627	290.75
0.06751602324201238	291.0
0.0675267004477836	291.25
0.06753737765355482	291.5
0.06754664188635053	291.75
0.06755590611914623	292.0
0.06756653098534843	292.25
0.06757715585155062	292.5
0.06758636793067373	292.75
0.06759558000979683	293.0
0.06760615292727075	293.25
0.06761672584474467	293.5
0.06762588615920422	293.75
0.06763504647366377	294.0
0.06764556782943702	294.25
0.06765608918521028	294.5
0.06766519812022276	294.75
0.06767430705523524	295.0
0.06768477723256393	295.25
0.06769524740989262	295.5
0.06770430534692246	295.75
0.06771336328395229	296.0
0.06772378266236172	296.25
0.06773420204077114	296.5
0.06774320935757006	296.75
0.06775221667436897	297.0
0.06776258562969231	297.25
0.06777295458501566	297.5
0.06778191165566311	297.75
0.06779086872631056	298.0
0.06780118763072689	298.25
0.06781150653514322	298.5
0.06782041373008268	298.75
0.06782932092502215	299.0
0.06783959014709481	299.25
0.06784985936916747	299.5
0.06785871705524231	299.75
0.06786757474131715	300.0
0.8202031281515442	300.0
0.8202154058854676	299.75
0.820227683619391	299.5
0.8202504770391175	299.25
0.8202732704588439	299.0
0.8202856504369888	298.75
0.8202980304151336	298.5
0.8203209264646607	298.25
0.8203438225141878	298.0
0.8203563056069015	297.75
0.8203687886996153	297.5
0.8203917882536551	297.25
0.820414787807695	297.0
0.8204273748949371	296.75
0.8204399619821793	296.5
0.8204630659251251	296.25
0.8204861698680709	296.0
0.8204988618395581	295.75
0.8205115538110453	295.5
0.8205347630371151	295.25
0.8205579722631849	295.0
0.8205707700185362	294.75
0.8205835677738874	294.5
0.8206068831872692	294.25
0.8206301986006509	294.0
0.8206431030495359	293.75
0.8206560074984209	293.5
0.8206794300134201	293.25
0.8207028525284193	293.0
0.8207158645907038	292.75
0.8207288766529882	292.5
0.8207524071941785	292.25
0.8207759377353688	292.0
0.8207890583412658	291.75
0.8208021789471628	291.5
0.8208258184495347	291.25
0.8208494579519067	291.0
0.8208626880421284	290.75
0.8208759181323501	290.5
0.8208996675414652	290.25
0.8209234169505802	290.0
0.8209367574764913	289.75
0.8209500980024024	289.5
0.8209739582745469	289.25
0.8209978185466914	289.0
0.8210112704704651	288.75
0.8210247223942387	288.5
0.821048694496581	288.25
0.8210726665989233	288.0
0.8210862308937004	287.75
0.8210997951884774	287.5
0.8211238800992263	287.25
0.8211479650099752	287.0
0.8211616426600217	286.75
0.8211753203100681	286.5
0.8211995190186355	286.25
0.8212237177272029	286.0
0.8212375097280757	285.75
0.8212513017289486	285.5
0.8212756152361118	285.25
0.8212999287432751	285.0
0.821313836101985	284.75
0.821327743460695	284.5
0.8213521727787642	284.25
0.8213766020968333	284.0
0.8213906258320142	283.75
0.821404649567195	283.5
0.8214291957201817	283.25
0.8214537418731683	283.0
0.8214678830152461	282.75
0.8214820241573239	282.5
0.8215066881811124	282.25
0.8215313522049009	282.0
0.8215456117962671	281.75
0.8215598713876332	281.5
0.8215846543301561	281.25
0.8216094372726791	281.0
0.8216238163678665	280.75
0.8216381954630539	280.5
0.821663098384468	280.25
0.8216880013058822	280.0
0.8217025009717446	279.75
0.821717000637607	279.5
0.8217420246104717	279.25
0.8217670485833365	279.0
0.8217816698992302	278.75
0.8217962912151239	278.5
0.8218214373245885	278.25
0.821846583434053	278.0
0.8218613274920195	277.75
0.8218760715499859	277.5
0.8219013408939725	277.25
0.8219266102379591	277.0
0.8219414781428963	276.75
0.8219563460478335	276.5
0.8219817395745262	276.25
0.822007133101219	276.0
0.8220236617136235	275.75
0.822040190326028	275.5
0.8220641793286972	275.25
0.8220881683313664	275.0
0.8221048230110509	274.75
0.8221214776907354	274.5
0.8221455932877065	274.25
0.8221697088846777	274.0
0.8221864907765896	273.75
0.8222032726685015	273.5
0.8222275160111114	273.25
0.8222517593537214	273.0
0.8222686696164478	272.75
0.8222855798791743	272.5
0.8223099521324972	272.25
0.8223343243858202	272.0
0.822351364191794	271.75
0.8223684039977678	271.5
0.822392906340822	271.25
0.8224174086838761	271.0
0.8224345792195846	270.75
0.8224517497552931	270.5
0.822476383381251	270.25
0.8225010170072088	270.0
0.8225183194734059	269.75
0.8225356219396031	269.5
0.8225603880560071	269.25
0.8225851541724111	269.0
0.8226025897843328	268.75
0.8226200253962545	268.5
0.822644925225234	268.25
0.8226698250542136	268.0
0.822687395041799	267.75
0.8227049650293844	267.5
0.8227299998078779	267.25
0.8227550345863713	267.0
0.8227727401944861	266.75
0.8227904458026009	266.5
0.8228156167825814	266.25
0.822840787762562	266.0
0.8228586302512265	265.75
0.8228764727398911	265.5
0.8229017811885958	265.25
0.8229270896373005	265.0
0.8229450702819213	264.75
0.8229630509265421	264.5
0.8229884981267066	264.25
0.8230139453268711	264.0
0.8230320654184768	263.75
0.8230501855100826	263.5
0.8230757727601788	263.25
0.8231013600102751	263.0
0.8231196208557566	262.75
0.8231378817012381	262.5
0.8231636103157169	262.25
0.8231893389301957	262.0
0.8232077418525516	261.75
0.8232261447749075	261.5
0.823252016084444	261.25
0.8232778873939804	261.0
0.8232964337325661	260.75
0.8233149800711518	260.5
0.8233409954228976	260.25
0.8233670107746435	260.0
0.823385701885423	259.75
0.8234043929962026	259.5
0.8234305537540428	259.25
0.8234567145118831	259.0
0.8234755517676887	258.75
0.8234943890234944	258.5
0.8235206965683058	258.25
0.8235470041131173	258.0
0.8235659889039129	257.75
0.8235849736947084	257.5
0.8236114294246261	257.25
0.8236378851545437	257.0
0.823657018887692	256.75
0.8236761526208404	256.5
0.8237027579515276	256.25
0.8237293632822148	256.0
0.8237486473827492	255.75
0.8237679314832836	255.5
0.8237946878482084	255.25
0.8238214442131332	255.0
0.8238408801240372	254.75
0.8238603160349413	254.5
0.823887224885654	254.25
0.8239141337363668	254.0
0.8239337229188576	253.75
0.8239533121013484	253.5
0.8239803749077699	253.25
0.8240074377141914	253.0
0.8240271816480065	252.75
0.8240469255818216	252.5
0.8240741438325331	252.25
0.8241013620832446	252.0
0.8241212622669363	251.75
0.824141162450628	251.5
0.8241685376531687	251.25
0.8241959128557094	251.0
0.8242159708069449	250.75
0.8242360287581804	250.5
0.8242635624393492	250.25
0.824291096120518	250.0
0.8243113133763837	249.75
0.8243315306322495	249.5
0.8243592243384112	249.25
0.824386918044573	249.0
0.8244072961618869	248.75
0.8244276742792008	248.5
0.8244555295766026	248.25
0.8244833848740044	248.0
0.8245039254296318	247.75
0.8245244659852592	247.5
0.824552484460349	247.25
0.8245805029354388	247.0
0.8246012075266158	246.75
0.8246219121177928	246.5
0.8246500953775453	246.25
0.8246782786372978	246.0
0.8246991488819609	245.75
0.8247200191266241	245.5
0.8247483687988734	245.25
0.8247767184711227	245.0
0.8247977560082436	244.75
0.8248187935453645	244.5
0.8248473112791435	244.25
0.8248758290129224	244.0
0.8248970355028508	243.75
0.8249182419927791	243.5
0.8249469294586639	243.25
0.8249756169245487	243.0
0.8249969940493608	242.75
0.8250183711741729	242.5
0.8250472300646365	242.25
0.8250760889551002	242.0
0.8250976384189542	241.75
0.8251191878828082	241.5
0.825148219912578	241.25
0.8251772519423478	241.0
0.8251989754718478	240.75
0.8252206990013479	240.5
0.8252499059077719	240.25
0.825279112814196	240.0
0.8253010121587612	239.75
0.8253229115033264	239.5
0.8253522950467471	239.25
0.8253816785901679	239.0
0.8254037555224103	238.75
0.8254258324546527	238.5
0.8254553944187877	238.25
0.8254849563829226	238.0
0.825507212699031	237.75
0.8255294690151395	237.5
0.8255592112074703	237.25
0.8255889533998012	237.0
0.8256113909199332	236.75
0.8256338284400652	236.5
0.8256637526922332	236.25
0.8256936769444013	236.0
0.8257162975130846	235.75
0.8257389180817679	235.5
0.8257690262499794	235.25
0.8257991344181909	235.0
0.8258219399047307	234.75
0.8258447453912706	234.5
0.8258750393567066	234.25
0.8259053333221426	234.0
0.8259283256210398	233.75
0.825951317919937	233.5
0.8259817995891757	233.25
0.8260122812584144	233.0
0.8260354622897892	232.75
0.826058643321164	232.5
0.8260893146266096	232.25
0.8261199859320553	232.0
0.8261433576420804	231.75
0.8261667293521054	231.5
0.8261975922524267	231.25
0.826228455152748	231.0
0.8262520195140923	230.75
0.8262755838754366	230.5
0.8263066403560122	230.25
0.8263376968365878	230.0
0.8263614558488672	229.75
0.8263852148611467	229.5
0.8264164669345223	229.25
0.8264477190078979	229.0
0.826471674698137	228.75
0.826495630388376	228.5
0.8265270800947291	228.25
0.8265585298010821	228.0
0.8265826842241838	227.75
0.8266068386472855	227.5
0.8266384880549001	227.25
0.8266701374625148	227.0
0.8266944927017408	226.75
0.8267188479409667	226.5
0.82675069914672	226.25
0.8267825503524732	226.0
0.8268071085199333	225.75
0.8268316666873935	225.5
0.8268637218172484	225.25
0.8268957769471034	225.0
0.8269205401842576	224.75
0.8269453034214119	224.5
0.8269775646309234	224.25
0.8270098258404349	224.0
0.8270347963186028	223.75
0.8270597667967706	223.5
0.8270922362716029	223.25
0.8271247057464352	223.0
0.8271498856673161	222.75
0.827175065588197	222.5
0.8272077455446494	222.25
0.8272404255011018	222.0
0.8272658170973104	221.75
0.827291208693519	221.5
0.8273241013790635	221.25
0.827356994064608	221.0
0.8273825996002154	220.75
0.8274082051358228	220.5
0.8274413128296539	220.25
0.8274744205234851	220.0
0.8275002422945769	219.75
0.8275260640656686	219.5
0.8275593890792631	219.25
0.8275927140928575	219.0
0.8276187544281001	218.75
0.8276447947633426	218.5
0.8276783394410344	218.25
0.8277118841187262	218.0
0.8277381453799444	217.75
0.8277644066411626	217.5
0.8277981733607277	217.25
0.8278319400802928	217.0
0.8278584246630638	216.75
0.8278849092458348	216.5
0.8279189004190894	216.25
0.8279528915923441	216.0
0.827979601926601	215.75
0.828006312260858	215.5
0.8280405303342687	215.25
0.8280747484076795	215.0
0.8281016869583301	214.75
0.8281286255089807	214.5
0.8281630729642896	214.25
0.8281975204195985	214.0
0.8282246896871558	213.75
0.8282518589547131	213.5
0.8282865383095748	213.25
0.8283212176644364	213.0
0.8283486201856635	212.75
0.8283760227068905	212.5
0.8284109365155252	212.25
0.82844585032416	212.0
0.8284734886727297	211.75
0.8285011270212995	211.5
0.8285362778751577	211.25
0.8285714287290159	211.0
0.8285993055161851	210.75
0.8286271823033543	210.5
0.8286625728317981	210.25
0.8286979633602419	210.0
0.828726081235539	209.75
0.8287541991108361	209.5
0.828789831981836	209.25
0.8288254648528358	209.0
0.8288538265047649	208.75
0.828882188156694	208.5
0.8289180660775396	208.25
0.8289539439983852	208.0
0.8289825521551463	207.75
0.8290111603119074	207.5
0.829047286029934	207.25
0.8290834117479607	207.0
0.8291122691781675	206.75
0.8291411266083742	206.5
0.8291775026845979	206.25
0.8292138787608215	206.0
0.8292472827596875	205.75
0.8292806867585535	205.5
0.829313028374567	205.25
0.8293453699905805	205.0
0.8293790288402405	204.75
0.8294126876899005	204.5
0.8294452856042662	204.25
0.8294778835186319	204.0
0.8295118001127673	203.75
0.8295457167069026	203.5
0.8295785738350545	203.25
0.8296114309632064	203.0
0.8296456082390188	202.75
0.8296797855148311	202.5
0.8297129048198715	202.25
0.8297460241249118	202.0
0.8297761211900849	201.75
0.829806218255258	201.5
0.8298439405191734	201.25
0.8298816627830888	201.0
0.8299120264033871	200.75
0.8299423900236854	200.5
0.8299772847779526	200.25
0.8300121795322198	200.0
0.830047074286487	199.75
0.8300819690407543	199.5
0.8301168637950215	199.25
0.8301517585492887	199.0
0.8301866533035559	198.75
0.8302215480578231	198.5
0.8302564428120903	198.25
0.8302913375663575	198.0
0.8303262323206247	197.75
0.830374440693926	197.5
0.8304057237025642	197.25
0.8304370067112024	197.0
0.83047601509372	196.75
0.8305150234762377	196.5
0.8305465874503035	196.25
0.8305781514243693	196.0
0.830617442311174	195.75
0.8306567331979786	195.5
0.8306885814291901	195.25
0.8307204296604016	195.0
0.8307600063674561	194.75
0.8307995830745105	194.5
0.8308317189057552	194.25
0.830863854737	194.0
0.830903720631915	193.75
0.83094358652683	193.5
0.830976013353167	193.25
0.8310084401795039	193.0
0.8310485986825502	192.75
0.8310887571855965	192.5
0.8311214784552797	192.25
0.831154199724963	192.0
0.8311946543101085	191.75
0.8312351088952541	191.5
0.8312681281107829	191.25
0.8313011473263117	191.0
0.831341901522282	190.75
0.8313826557182524	190.5
0.8314159764374455	190.25
0.8314492971566385	190.0
0.831490354548005	189.75
0.8315314119393715	189.5
0.831565037776468	189.25
0.8315986636135644	189.0
0.8316400278418556	188.75
0.8316813920701469	188.5
0.8317153266969329	188.25
0.831749261323719	188.0
0.831790936088563	187.75
0.8318326108534071	187.5
0.8318668580003702	187.25
0.8319011051473333	187.0
0.8319430942076247	186.75
0.8319850832679161	186.5
0.832019646725428	186.25
0.83205421018294	186.0
0.8320965173580377	185.75
0.8321388245331354	185.5
0.8321737081526636	185.25
0.8322085917721918	185.0
0.8322512209431441	184.75
0.8322938501140964	184.5
0.8323290578094465	184.25
0.8323642655047967	184.0
0.8324072206155978	183.75
0.8324501757263989	183.5
0.8324857114749874	183.25
0.8325212472235759	183.0
0.8325645322824541	182.75
0.8326078173413323	182.5
0.8326436851854906	182.25
0.8326795530296489	182.0
0.8327231721103855	181.75
0.8327667911911221	181.5
0.8328029952394299	181.25
0.8328391992877378	181.0
0.8328831564920993	180.75
0.8329271136964609	180.5
0.8329641439733532	180.25
0.8330011742502454	180.0
0.8330449880008634	179.75
0.8330888017514813	179.5
0.8331261766389664	179.25
0.8331635515264515	179.0
0.833207711927096	178.75
0.8332518723277405	178.5
0.8332895961413577	178.25
0.8333273199549749	178.0
0.8333718313555556	177.75
0.8334163427561363	177.5
0.8334544198833679	177.25
0.8334924970105995	177.0
0.8335373638336967	176.75
0.8335822306567939	176.5
0.8336206655585828	176.25
0.8336591004603717	176.0
0.833704327202785	175.75
0.8337495539451982	175.5
0.8337883509865731	175.25
0.833827148027948	175.0
0.8338701299605491	174.75
0.8339131118931502	174.5
0.8339560938257513	174.25
0.8339990757583524	174.0
0.8340420576909535	173.75
0.8340850396235546	173.5
0.8341280215561557	173.25
0.8341710034887568	173.0
0.8342139854213579	172.75
0.8342590083693039	172.5
0.8343012525858065	172.25
0.834343496802309	172.0
0.8343857410188116	171.75
0.8344303121658907	171.5
0.8344748833129698	171.25
0.834517509952772	171.0
0.8345601365925741	170.75
0.8346050925886908	170.5
0.8346500485848074	170.25
0.8346930626042972	170.0
0.834736076623787	169.75
0.8347814224673854	169.5
0.8348267683109838	169.25
0.8348701747522308	169.0
0.8349135811934778	168.75
0.834959321969605	168.5
0.8350050627457322	168.25
0.8350488667383625	168.0
0.8350926707309929	167.75
0.8351388116131996	167.5
0.8351849524954063	167.25
0.835229159258529	167.0
0.8352733660216518	166.75
0.8353199122739443	166.5
0.8353664585262368	166.25
0.8354110733704224	166.0
0.835455688214608	165.75
0.835502645193452	165.5
0.8355496021722959	165.25
0.8355946305016084	165.0
0.835639658830921	164.75
0.8356870319873011	164.5
0.8357344051436812	164.25
0.8357798524577648	164.0
0.8358252997718483	163.75
0.8358730946533836	163.5
0.8359208895349188	163.25
0.8359667614311423	163.0
0.8360126333273659	162.75
0.8360608555804829	162.5
0.8361090778336	162.25
0.8361553800092613	162.0
0.8362016821849225	161.75
0.8362503375570897	161.5
0.8362989929292568	161.25
0.8363457311838456	161.0
0.8363924694384344	160.75
0.8364415637804569	160.5
0.8364906581224794	160.25
0.8365378383600067	160.0
0.8365850185975341	159.75
0.8366345578659139	159.5
0.8366840971342937	159.25
0.8367317253656836	159.0
0.8367793535970736	158.75
0.8368293438564349	158.5
0.8368793341157963	158.25
0.8369274164613468	158.0
0.8369754988068974	157.75
0.8370259462324819	157.5
0.8370763936580665	157.25
0.8371249363499791	157.0
0.8371734790418917	156.75
0.8372243899221231	156.5
0.8372753008023546	156.25
0.8373243101873362	156.0
0.8373733195723179	155.75
0.8374247003114411	155.5
0.8374760810505644	155.25
0.837525563592504	155.0
0.8375750461344436	154.75
0.8376269032552379	154.5
0.8376787603760323	154.25
0.8377287226587541	154.0
0.8377786849414759	153.75
0.8378310250880494	153.5
0.8378833652346229	153.25
0.8379338139647196	153.0
0.8379842626948162	152.75
0.8380370926354785	152.5
0.8380899225761409	152.25
0.8381408645858891	152.0
0.8381918065956373	151.75
0.8382451332258571	151.5
0.838298459856077	151.25
0.8383499021064397	151.0
0.8384013443568024	150.75
0.8384551747022522	150.5
0.838509005047702	150.25
0.8385609546314168	150.0
0.8386129042151316	149.75
0.8386672454348229	149.5
0.8387215866545141	149.25
0.8387740507992753	149.0
0.8388265149440364	148.75
0.8388813743335461	148.5
0.8389362337230559	148.25
0.8389892197947895	148.0
0.839042205866523	147.75
0.8390975908613204	147.5
0.8391529758561178	147.25
0.8392064913623561	147.0
0.8392600068685945	146.75
0.8393159250474626	146.5
0.8393718432263306	146.25
0.8394258958196892	146.0
0.8394799484130477	145.75
0.8395364075016128	145.5
0.839592866590178	145.25
0.8396474640719365	145.0
0.839702061553695	144.75
0.8397590694280617	144.5
0.8398160773024284	144.25
0.8398712276262218	144.0
0.8399263779500152	143.75
0.8399839426405133	143.5
0.8400415073310115	143.25
0.8400972186066343	143.0
0.8401529298822572	142.75
0.840211059577304	142.5
0.8402691892723508	142.25
0.8403254697696794	142.0
0.8403817502670079	141.75
0.8404404533170903	141.5
0.8404991563671727	141.25
0.8405560145202098	141.0
0.8406128726732469	140.75
0.8406721575950272	140.5
0.8407314425168075	140.25
0.8407888869278528	140.0
0.8408463313388981	139.75
0.8409062068194505	139.5
0.8409660823000029	139.25
0.8410241217439548	139.0
0.8410821611879067	138.75
0.8411426360890861	138.5
0.8412031109902656	138.25
0.8412617544190605	138.0
0.8413203978478554	137.75
0.8413814812108059	137.5
0.8414425645737564	137.25
0.8415018211209497	137.0
0.841561077668143	136.75
0.8416227787179503	136.5
0.8416844797677576	136.25
0.8417443587532505	136.0
0.8418042377387434	135.75
0.8418665658892382	135.5
0.8419288940397331	135.25
0.8419894049746537	135.0
0.8420499159095742	134.75
0.8421128807682909	134.5
0.8421758456270076	134.25
0.8422369982187504	134.0
0.8422981508104932	133.75
0.8423617621837904	133.5
0.8424253735570877	133.25
0.8424871777145184	133.0
0.8425489818719492	132.75
0.8426132497702989	132.5
0.8426775176686487	132.25
0.8427399835074816	132.0
0.8428024493463144	131.75
0.8428673839897666	131.5
0.8429323186332187	131.25
0.8429954564815705	131.0
0.8430585943299223	130.75
0.8431242061537519	130.5
0.8431898179775816	130.25
0.843253638381714	130.0
0.8433174587858463	129.75
0.8433837584463892	129.5
0.8434500581069322	129.25
0.843514571837186	129.0
0.8435790855674399	128.75
0.8436460839481266	128.5
0.8437130823288133	128.25
0.8437783003857449	128.0
0.8438435184426765	127.75
0.8439112266602719	127.5
0.8439789348778672	127.25
0.8440448684985944	127.0
0.8441108021193215	126.75
0.8441792315303774	126.5
0.8442476609414333	126.25
0.8443143216061997	126.0
0.844380982270966	125.75
0.8444501444784974	125.5
0.8445193066860288	125.25
0.8445867061249963	125.0
0.8446541055639638	124.75
0.844724012424358	124.5
0.8447939192847522	124.25
0.8448620694850298	124.0
0.8449302196853075	123.75
0.8450008833154746	123.5
0.8450715469456418	123.25
0.8451404601585688	123.0
0.8452093733714958	122.75
0.845280806380881	122.5
0.8453522393902662	122.25
0.8454172219942477	122.0
0.8454822045982293	121.75
0.8455591197666716	121.5
0.845636034935114	121.25
0.8457018204611327	121.0
0.8457676059871515	120.75
0.8458453143657474	120.5
0.8459230227443433	120.25
0.8459895950999352	120.0
0.8460561674555271	119.75
0.8461347005130044	119.5
0.8462132335704817	119.25
0.8462806204166368	119.0
0.8463480072627918	118.75
0.8464273613255623	118.5
0.8465067153883328	118.25
0.8465749306770721	118.0
0.8466431459658115	117.75
0.8467233350411235	117.5
0.8468035241164356	117.25
0.8468725819690766	117.0
0.8469416398217176	116.75
0.8470226781512044	116.5
0.8471037164806912	116.25
0.8471736312894799	116.0
0.8472435460982686	115.75
0.8473254482169382	115.5
0.8474073503356079	115.25
0.8474781368020013	115.0
0.8475489232683948	114.75
0.847631704032019	114.5
0.8477144847956433	114.25
0.8477861579516304	114.0
0.8478578311076175	113.75
0.8479415057062282	113.5
0.8480251803048389	113.25
0.8480977864952064	113.0
0.8481703926855739	112.75
0.8482549488598499	112.5
0.8483395050341258	112.25
0.8484130289521435	112.0
0.8484865528701613	111.75
0.8485720342734417	111.5
0.8486575156767222	111.25
0.8487319734419868	111.0
0.8488064312072514	110.75
0.8488928541393277	110.5
0.848979277071404	110.25
0.8490546851865511	110.0
0.8491300933016983	109.75
0.8492174744518106	109.5
0.8493048556019229	109.25
0.8493812309659432	109.0
0.8494576063299635	108.75
0.8495459627901244	108.5
0.8496343192502853	108.25
0.8497116791719318	108.0
0.8497890390935783	107.75
0.8498783883720873	107.5
0.8499677376505963	107.25
0.8500460998620565	107.0
0.8501244620735167	106.75
0.8502148221088014	106.5
0.8503051821440861	106.25
0.8503845648150311	106.0
0.8504639474859761	105.75
0.8505553366608516	105.5
0.8506467258357271	105.25
0.8507271475878176	105.0
0.8508075693399082	104.75
0.8509000064963212	104.5
0.8509924436527343	104.25
0.8510739235746421	104.0
0.8511554034965498	103.75
0.851248907950868	103.5
0.8513424124051863	103.25
0.8514249700681804	103.0
0.8515075277311746	102.75
0.851602119290062	102.5
0.8516967108489495	102.25
0.851780366323095	102.0
0.8518640217972404	101.75
0.8519597207741674	101.5
0.8520554197510943	101.25
0.8521401936221054	101.0
0.8522249674931164	100.75
0.8523217947255429	100.5
0.8524186219579695	100.25
0.8525045353447596	100.0
0.8525904487315497	99.75
0.8526884255988253	99.5
0.8527864024661009	99.25
0.8528734770390707	99.0
0.8529605516120404	98.75
0.853059700054066	98.5
0.8531588484960915	98.25
0.8532471064961988	98.0
0.8533353644963062	97.75
0.8534357070329974	97.5
0.8535360495696886	97.25
0.8536255138283467	97.0
0.8537149780870048	96.75
0.853816537838606	96.5
0.8539180975902072	96.25
0.8540087915500563	96.0
0.8540994855099053	95.75
0.8542022862182018	95.5
0.8543050869264983	95.25
0.8543970346631018	95.0
0.8544889823997053	94.75
0.8545930484501857	94.5
0.8546971145006661	94.25
0.8547903407451782	94.0
0.8548835669896904	93.75
0.854988923401756	93.5
0.8550942798138217	93.25
0.8551890507630249	93.0
0.855283821712228	92.75
0.8553902566668766	92.5
0.8554966916215252	92.25
0.8555927925379186	92.0
0.8556888934543121	91.75
0.855796670972633	91.5
0.8559044484909539	91.25
0.8560019062196381	91.0
0.8560993639483223	90.75
0.8562085112343139	90.5
0.8563176585203054	90.25
0.8564165006634965	90.0
0.8565153428066876	89.75
0.8566258878350326	89.5
0.8567364328633775	89.25
0.8568366878088864	89.0
0.8569369427543954	88.75
0.857048914299595	88.5
0.8571608858447946	88.25
0.8572625827958738	88.0
0.857364279746953	87.75
0.8574777074138694	87.5
0.8575911350807859	87.25
0.857694304087434	87.0
0.857797473094082	86.75
0.857912387349975	86.5
0.8580273016058679	86.25
0.8581319735976707	86.0
0.8582366455894734	85.75
0.8583530777976259	85.5
0.8584695100057784	85.25
0.8585757168263891	85.0
0.8586819236469998	84.75
0.8587999061020272	84.5
0.8589178885570545	84.25
0.8590256630004096	84.0
0.8591334374437647	83.75
0.8592530034087148	83.5
0.8593725693736649	83.25
0.8594819452220513	83.0
0.8595913210704378	82.75
0.859712504815794	82.5
0.8598336885611502	82.25
0.8599447006252342	82.0
0.8600557126893182	81.75
0.8601785495340291	81.5
0.8603013863787399	81.25
0.8604140705396894	81.0
0.860526754700639	80.75
0.860651281055305	80.5
0.860775807409971	80.25
0.8608902006638063	80.0
0.8610045939176416	79.75
0.8611308473300001	79.5
0.8612571007423586	79.25
0.8613732412466782	79.0
0.8614893817509979	78.75
0.8616174009538605	78.5
0.8617454201567232	78.25
0.8618633472799645	78.0
0.8619812744032058	77.75
0.8621110993650114	77.5
0.862240924326817	77.25
0.8623606787002228	77.0
0.8624804330736286	76.75
0.8626121050517922	76.5
0.8627437770299557	76.25
0.8628654006024338	76.0
0.8629870241749118	75.75
0.86312058577216	75.5
0.8632541473694082	75.25
0.8633776834654834	75.0
0.8635012195615586	74.75
0.8636367147854642	74.5
0.8637722100093699	74.25
0.8638977033904469	74.0
0.864023196771524	73.75
0.8641606710974655	73.5
0.8642981454234071	73.25
0.8644256423525819	73.0
0.8645531392817567	72.75
0.8646926397195458	72.5
0.8648321401573349	72.25
0.8649616884680117	72.0
0.8650912367786885	71.75
0.865232811943138	71.5
0.8653743871075874	71.25
0.8655060362761798	71.0
0.8656376854447723	70.75
0.8657813856304944	70.5
0.8659250858162166	70.25
0.8660588870392377	70.0
0.8661926882622588	69.75
0.8663385655230109	69.5
0.866484442783763	69.25
0.8666204490596373	69.0
0.8667564553355116	68.75
0.8669045635684353	68.5
0.8670526718013589	68.25
0.8671909380173177	68.0
0.8673292042332765	67.75
0.8674795992684105	67.5
0.8676299943035444	67.25
0.8677705773280009	67.0
0.8679111603524574	66.75
0.8680639000479977	66.5
0.868216639743538	66.25
0.8683595980478005	66.0
0.868502556352063	65.75
0.8686542946722217	65.5
0.8688060329923804	65.25
0.868957771312539	65.0
0.8691095096326977	64.75
0.8692612479528564	64.5
0.8694129862730151	64.25
0.8695671830291101	64.0
0.869721379785205	63.75
0.8698755765413	63.5
0.870029773297395	63.25
0.8701839700534899	63.0
0.870341847414121	62.75
0.8704997247747521	62.5
0.8706576021353832	62.25
0.8708154794960143	62.0
0.8709733568566455	61.75
0.8711312342172766	61.5
0.871293502015134	61.25
0.8714557698129914	61.0
0.8716180376108489	60.75
0.8717803054087063	60.5
0.8719425732065638	60.25
0.8721048410044212	60.0
0.8722671088022786	59.75
0.8724336703696147	59.5
0.8726002319369508	59.25
0.8727667935042869	59.0
0.8729436693281062	58.75
0.8731075809761594	58.5
0.8732714926242126	58.25
0.8734458044254365	58.0
0.8736201162266605	57.75
0.873787005104328	57.5
0.8739538939819956	57.25
0.874131223571533	57.0
0.8743085531610703	56.75
0.8744792007781719	56.5
0.8746498483952735	56.25
0.8748295857876406	56.0
0.8750093231800077	55.75
0.8751831215542739	55.5
0.8753569199285401	55.25
0.8755398525222488	55.0
0.8757227851159574	54.75
0.8758998267644026	54.5
0.8760768684128478	54.25
0.8762630906853588	54.0
0.8764493129578698	53.75
0.87662969446806	53.5
0.8768100759782503	53.25
0.8769996865988123	53.0
0.8771892972193743	52.75
0.8773731195013176	52.5
0.8775569417832608	52.25
0.8777500438747264	52.0
0.877943145966192	51.75
0.8781305145248947	51.5
0.8783178830835973	51.25
0.8785145845059283	51.0
0.8787112859282594	50.75
0.8789023111590916	50.5
0.8790933363899237	50.25
0.8792937500476572	50.0
0.8794941637053907	49.75
0.8796889612146667	49.5
0.8798837587239426	49.25
0.8800880029001742	49.0
0.8802922470764057	48.75
0.8804909380299004	48.5
0.8806896289833951	48.25
0.8808978277031672	48.0
0.8811060264229392	47.75
0.8813087379254163	47.5
0.8815114494278934	47.25
0.8817237328542624	47.0
0.8819360162806315	46.75
0.8821428817898705	46.5
0.8823497472991096	46.25
0.8825662521656068	46.0
0.882782757032104	45.75
0.882993916811394	45.5
0.8832050765906841	45.25
0.8834259466743982	45.0
0.8836468167581123	44.75
0.8838624183717314	44.5
0.8840780199853505	44.25
0.8843034066254639	44.0
0.8845287932655773	43.75
0.8847489921224265	43.5
0.8849691909792757	43.25
0.8851992536465805	43.0
0.8854293163138852	42.75
0.8856542762652051	42.5
0.885879236216525	42.25
0.8861141431402658	42.0
0.8863490500640067	41.75
0.8865789440619896	41.5
0.8868088380599725	41.25
0.8870487669193313	41.0
0.8872886957786902	40.75
0.8875237066038528	40.5
0.8877587174290155	40.25
0.8880038561176854	40.0
0.8882489948063553	39.75
0.8884893158727728	39.5
0.8887296369391903	39.25
0.8889801844128544	39.0
0.8892307318865186	38.75
0.8894765679177327	38.5
0.8897224039489467	38.25
0.889977059865903	38.0
0.8902317157828593	37.75
0.8904863716998156	37.5
0.8907438832889162	37.25
0.8910013948780168	37.0
0.8912589064671174	36.75
0.891516418056218	36.5
0.8917807373918305	36.25
0.892045056727443	36.0
0.8923093760630556	35.75
0.892576891309027	35.5
0.8928444065549983	35.25
0.893115063138571	35.0
0.8933857197221438	34.75
0.8936597053979733	34.5
0.8939336910738029	34.25
0.8942109557760513	34.0
0.8944882204782996	33.75
0.8947689565772262	33.5
0.8950496926761529	33.25
0.895333855058221	33.0
0.8956180174402892	32.75
0.8959058035889905	32.5
0.8961935897376918	32.25
0.8964854408793048	32.0
0.8967772920209178	31.75
0.8970691431625308	31.5
0.8973674111658818	31.25
0.8976656791692328	31.0
0.8979639471725838	30.75
0.8982676244826394	30.5
0.8985713017926951	30.25
0.8988749791027507	30.0
0.8991849440906327	29.75
0.8994949090785146	29.5
0.8998048740663965	29.25
0.9001210164668982	29.0
0.9004371588674	28.75
0.9007533012679017	28.5
0.9010760245928755	28.25
0.9013987479178494	28.0
0.9017250322611391	27.75
0.9020527250228045	27.5
0.90238041778447	27.25
0.9027081105461354	27.0
0.9030455318643893	26.75
0.9033829531826432	26.5
0.903720374500897	26.25
0.9040642464193935	26.0
0.90440811833789	25.75
0.904754500704614	25.5
0.9051034281123825	25.25
0.9054549359380953	25.0
0.9058090603684282	24.75
0.9061658384266367	24.5
0.9065253080005291	24.25
0.9068875078716752	24.0
0.9072524777459153	23.75
0.9076202582852442	23.5
0.9079908911411457	23.25
0.9083644189894609	23.0
0.908740885566877	22.75
0.9091203357091326	22.5
0.9095028153910363	22.25
0.9098883717684105	22.0
0.910277053222072	21.75
0.9106689094039742	21.5
0.9110639912856432	21.25
0.9114623512090503	21.0
0.9118640429400721	20.75
0.912269121724704	20.5
0.9126776443482028	20.25
0.9130896691973486	20.0
0.913505256326032	19.75
0.9139244675243865	19.5
0.9143473663917062	19.25
0.9147740184138097	19.0
0.9152044910421379	18.75
0.9156388537839695	18.5
0.9160771782899035	18.25
0.9165195384501645	18.0
0.9169660104976465	17.75
0.917416673115457	17.5
0.9178716075514842	17.25
0.918330897740039	17.0
0.9187946304311213	16.75
0.9192628953279032	16.5
0.9197357852330819	16.25
0.9202133962048193	16.0
0.9206958277230486	15.75
0.92118318286701	15.5
0.9216755685049632	15.25
0.9221730954971187	15.0
0.9226758789129381	14.75
0.9231840382640755	14.5
0.9236976977543642	14.25
0.9242169865484107	14.0
0.9247420390605223	13.75
0.9252729952658939	13.5
0.9258100010361957	13.25
0.9263532085019515	13.0
0.9269027764443794	12.75
0.9274588707199594	12.5
0.9280216647189421	12.25
0.9285913398686305	12.0
0.9291680861728244	11.75
0.9297521028060611	11.5
0.9303435987592094	11.25
0.9309427935454836	11.0
0.9315499179735375	10.75
0.9321652149936436	10.5
0.9327889406312647	10.25
0.933421365005124	10.0
0.9340627734564294	9.75
0.9347134677850941	9.5
0.9353737675963538	9.25
0.9360440117181221	9.0
0.9367245601006684	8.75
0.9374155371054045	8.5
0.93811777006783	8.25
0.9388316136740719	8.0
0.9395580823557603	7.75
0.9402964947274353	7.5
0.9410476475484509	7.25
0.94181474230791	7.0
0.9425980573584662	6.75
0.9433952811509243	6.5
0.9442063251145487	6.25
0.9450358209239996	6.0
0.9458804793589013	5.75
0.9467433028589797	5.5
0.9476273412385403	5.25
0.9485299046549756	5.0
0.9494539568254804	4.75
0.9504010352090441	4.5
0.9513728427006944	4.25
0.9523711043760267	4.0
0.9534003243140068	3.75
0.9544580409880474	3.5
0.9555493471048785	3.25
0.9566773752813797	3.0
0.9578457966377831	2.75
0.9590589651616849	2.5
0.9603220884030557	2.25
0.9616432419299411	2.0
0.963026743029856	1.75
0.964484419538802	1.5
0.966030530934989	1.25
0.9676808632869413	1.0
0.9694590347056815	0.75
0.9713930283651968	0.5
0.9735571868461063	0.25
0.9760516914567513	0.0
