0.02394830854324873	0.0
0.024141956965542204	0.25
0.024331089108712393	0.5
0.024527683633464272	0.75
0.02470585531604147	1.0
0.024879814550191455	1.25
0.025046821942589042	1.5
0.025211166193363235	1.75
0.025371470908394398	2.0
0.02552804402883931	2.25
0.025678574582408405	2.5
0.025828302519347687	2.75
0.025975009429428736	3.0
0.02611886796780057	3.25
0.026260030520504334	3.5
0.026398633256019696	3.75
0.02653479859507951	4.0
0.026668637287903297	4.25
0.02680025012512193	4.5
0.026929729361369583	4.75
0.02705715991212249	5.0
0.027182923678757093	5.25
0.027306503157530814	5.5
0.02742825407982104	5.75
0.027548240741575986	6.0
0.02766652407402836	6.25
0.027780526667233105	6.5
0.027895638148584617	6.75
0.028009222801110255	7.0
0.028119170234081118	7.25
0.0282281196366844	7.5
0.028336150319734535	7.75
0.02854668483927892	8.0
0.0286614654305638	8.25
0.028775958525110182	8.5
0.02888909822543602	8.75
0.029001397124963038	9.0
0.029112815598371446	9.25
0.029222683561432157	9.5
0.029332258595850414	9.75
0.029440793716379875	10.0
0.029548699913966046	10.25
0.029655622221803582	10.5
0.02976173448518888	10.75
0.029867053759200256	11.0
0.029971810203029206	11.25
0.03007561645833583	11.5
0.030178676274320977	11.75
0.03028100419959257	12.0
0.03038261424913502	12.25
0.030483519898155186	12.5
0.03058373411853316	12.75
0.030683269406614717	13.0
0.030782137809045432	13.25
0.030880350946808348	13.5
0.030977920037611486	13.75
0.031074855916759955	14.0
0.03117116905663469	14.25
0.031266869584889154	14.5
0.03136196730146457	14.75
0.031456471694516604	15.0
0.031550669928199895	15.25
0.03164402464669316	15.5
0.03173681274334784	15.75
0.031829042578227475	16.0
0.03192072229937113	16.25
0.032011859812074016	16.5
0.032102462796603747	16.75
0.03219253871794004	17.0
0.03228209483496204	17.25
0.03237113820912095	17.5
0.03245967571263296	17.75
0.0325477140362249	18.0
0.03263525969646307	18.25
0.032722319042691766	18.5
0.032808898263608055	18.75
0.03289500339349558	19.0
0.032980640318139	19.25
0.03306581478043955	19.5
0.03315053238575002	19.75
0.03323479860694636	20.0
0.03331861878925182	20.25
0.03340199815482878	20.5
0.03348494180715173	20.75
0.033567454735174	21.0
0.033649541817301065	21.25
0.03373120782518027	21.5
0.033812457427318525	21.75
0.033893295192536865	22.0
0.033973725593271095	22.25
0.03405375300872736	22.5
0.03413338172789976	22.75
0.034212615952457996	23.0
0.03429145979951201	23.25
0.034369917304259465	23.5
0.03444799242252305	23.75
0.03452568903318219	24.0
0.03460301094050604	24.25
0.03467996187639085	24.5
0.03475654550250858	24.75
0.03483276541236919	25.0
0.03490862513330253	25.25
0.03498412812836217	25.5
0.035059631123421815	25.75
0.03513407745008822	26.0
0.03520852377675463	26.25
0.03528297010342104	26.5
0.035356409119425176	26.75
0.035429848135429313	27.0
0.03550328715143345	27.25
0.03557570567072156	27.5
0.03564812419000967	27.75
0.03572054270929778	28.0
0.03579204840515127	28.25
0.03586355410100475	28.5
0.03593467423734519	28.75
0.03600579437368563	29.0
0.036076043664704176	29.25
0.03614629295572272	29.5
0.036216542246741264	29.75
0.036285788574132415	30.0
0.036355034901523565	30.25
0.036424281228914716	30.5
0.03649282369232208	30.75
0.03656136615572945	31.0
0.0366293744155405	31.25
0.036697382675351546	31.5
0.03676476910441795	31.75
0.03683215553348435	32.0
0.036899026095161915	32.25
0.03696589665683948	32.5
0.037032163217019444	32.75
0.03709842977719941	33.0
0.0371641977946555	33.25
0.03722996581211158	33.5
0.03729507066301098	33.75
0.037360175513910375	34.0
0.037424948792793594	34.25
0.03748972207167681	34.5
0.03755449535056003	34.75
0.0376170748700047	35.0
0.03767965438944937	35.25
0.037742233908894036	35.5
0.037807595902850356	35.75
0.037872957896806676	36.0
0.03793334700173476	36.25
0.03799373610666284	36.5
0.03805810521975988	36.75
0.03812247433285692	37.0
0.038181883939344755	37.25
0.03824129354583259	37.5
0.038304697401210765	37.75
0.03836810125658894	38.0
0.038426558475236884	38.25
0.03848501569388483	38.5
0.03854748074336117	38.75
0.03860994579283752	39.0
0.0386674764726916	39.25
0.03872500715254568	39.5
0.038786558633167	39.75
0.03884811011378831	40.0
0.038904738932029476	40.25
0.03896136775027064	40.5
0.03902202976951197	40.75
0.039082691788753295	41.0
0.03913844233177457	41.25
0.03919419287479584	41.5
0.039253988487663906	41.75
0.03931378410053197	42.0
0.03936867893740939	42.25
0.03942357377428681	42.5
0.03948252505327955	42.75
0.03954147633227229	43.0
0.0395955370815137	43.25
0.039649597830755105	43.5
0.03970772592950042	43.75
0.039765854028245735	44.0
0.03981910141858095	44.25
0.039872348808916165	44.5
0.039929674020197814	44.75
0.03998699923147946	45.0
0.04003945315735469	45.25
0.04009190708322991	45.5
0.04014844889201759	45.75
0.040204990700805264	46.0
0.04025667027315527	46.25
0.04030834984550528	46.5
0.04036412697752612	46.75
0.04041990410954697	47.0
0.04047082770234738	47.25
0.0405217512951478	47.5
0.04057678176146658	47.75
0.040631812227785356	48.0
0.04068199752082383	48.25
0.04073218281386231	48.5
0.04078648395188161	48.75
0.040840785089900904	49.0
0.040890249108151415	49.25
0.040939713126401926	49.5
0.040993301637642185	49.75
0.041046890148882444	50.0
0.041095649298821334	50.25
0.041144408448760224	50.5
0.04119730043373774	50.75
0.041250192418715255	51.0
0.04129826252187784	51.25
0.04134633262504043	51.5
0.041398543615523094	51.75
0.04145075460600576	52.0
0.04149815093004708	52.25
0.0415455472540884	52.5
0.04159709224297784	52.75
0.041648637231867285	53.0
0.04169537451936107	53.25
0.04174211180685485	53.5
0.04179300527591557	53.75
0.041843898744976286	54.0
0.04188999124015963	54.25
0.04193608373534297	54.5
0.041986339680973796	54.75
0.04203659562660462	55.0
0.04208205710025496	55.25
0.04212751857390531	55.5
0.04217715053112815	55.75
0.042226782488350996	56.0
0.04227162626095828	56.25
0.04231647003356557	56.5
0.04236549109838848	56.75
0.0424145121632114	57.0
0.04245875112659579	57.25
0.04250299008998019	57.5
0.04255141294027299	57.75
0.04259983579056579	58.0
0.042643482428071505	58.25
0.04268712906557722	58.5
0.04273496598058652	58.75
0.04278280289559582	59.0
0.04282586930098127	59.25
0.04286893570636672	59.5
0.04291619858498279	59.75
0.042963461463598855	60.0
0.04300595935872951	60.25
0.04304845725386016	60.5
0.043095157631736374	60.75
0.04314185800961259	61.0
0.043183798761053806	61.25
0.043225739512495025	61.5
0.043271888578113156	61.75
0.04331803764373129	62.0
0.04335943227832715	62.25
0.04340082691292301	62.5
0.043446435522685886	62.75
0.04349204413244876	63.0
0.043532903351967536	63.25
0.04357376257148631	63.5
0.043618841263913244	63.75
0.043663919956340176	64.0
0.04370425415125643	64.25
0.04374458834617268	64.5
0.043789147355266345	64.75
0.04383370636436001	65.0
0.043873525626838765	65.25
0.04391334488931752	65.5
0.04395739415716368	65.75
0.04400144342500984	66.0
0.04404075756115195	66.25
0.04408007169729406	66.5
0.0441236208859501	66.75
0.04416717007460614	67.0
0.044205988616009266	67.25
0.04424480715741239	67.5
0.044287865660136295	67.75
0.0443309241628602	68.0
0.04436925637754283	68.25
0.04440758859222547	68.5
0.04445016554409274	68.75
0.04449274249596002	69.0
0.04453059739869484	69.25
0.04456845230142966	69.5
0.04461055658937981	69.75
0.04465266087732996	70.0
0.04469004723942685	70.25
0.04472743360152374	70.5
0.0447690738738762	70.75
0.04481071414622866	71.0
0.04484764050480515	71.25
0.04488456686338164	71.5
0.04492575153885683	71.75
0.044966936214332016	72.0
0.04500341088110529	72.25
0.04503988554787856	72.5
0.0450806228241577	72.75
0.045121360100436846	73.0
0.045156958920055494	73.25
0.04519255773967414	73.5
0.04523328837609238	73.75
0.04527401901251062	74.0
0.045309182205027686	74.25
0.04534434539754475	74.5
0.04538464444998393	74.75
0.045424943502423105	75.0
0.04545967868090045	75.25
0.045494413859377796	75.5
0.04553428890883988	75.75
0.04557416395830196	76.0
0.04560847861223824	76.25
0.04564279326617452	76.5
0.045682251702824465	76.75
0.04572171013947441	77.0
0.04575561157077977	77.25
0.045789513002085135	77.5
0.04582856203192068	77.75
0.04586761106175622	78.0
0.045901106391258925	78.25
0.04593460172076163	78.5
0.04597324837196091	78.75
0.046011895023160186	79.0
0.046044991196809354	79.25
0.04607808737045852	79.5
0.04611633849943489	79.75
0.046154589628411256	80.0
0.046187293423196184	80.25
0.04621999721798111	80.5
0.04625785951516114	80.75
0.04629572181234117	81.0
0.04632803984194214	81.25
0.04636035787154311	81.5
0.046397837866885686	81.75
0.04643531786222826	82.0
0.04646725658241502	82.25
0.04649919530260178	82.5
0.04653629937087177	82.75
0.04657340343914176	83.0
0.04660496915293442	83.25
0.04663653486672708	83.5
0.046673269232538526	83.75
0.046710003598349974	84.0
0.04674120246095464	84.25
0.0467724013235593	84.5
0.04680877206620066	84.75
0.04684514280884202	85.0
0.046875980832375555	85.25
0.04690681885590909	85.5
0.046942831913961786	85.75
0.04697884497201448	86.0
0.047009328030027976	86.25
0.04703981108804147	86.5
0.0470754722638051	86.75
0.047111133439568735	87.0
0.04714126727138179	87.25
0.04717140110319485	87.5
0.047206716066927064	87.75
0.04724203103065928	88.0
0.04727182124551521	88.25
0.047301611460371144	88.5
0.047336585754353774	88.75
0.047371560048336404	89.0
0.047401012129387236	89.25
0.04743046421043807	89.5
0.0474651032528776	89.75
0.047499742295317136	90.0
0.04752886160344798	90.25
0.04756061726577433	90.5
0.047592290438741976	90.75
0.04762396361170962	91.0
0.04765563678467726	91.25
0.047687309957644905	91.5
0.04771898313061255	91.75
0.04774943438173177	92.0
0.047779885632850995	92.25
0.04781172789839078	92.5
0.04784357016393056	92.75
0.04787370286202161	93.0
0.04790383556011266	93.25
0.047935361797640325	93.5
0.047966888035167986	93.75
0.04799670708719069	94.0
0.0480265261392134	94.25
0.048057741227113114	94.5
0.04808895631501283	94.75
0.04811846654798606	95.0
0.048147976780959285	95.25
0.04817888549314072	95.5
0.048209794205322155	95.75
0.048239000343267294	96.0
0.04826820648121243	96.25
0.04829881349009724	96.5
0.04832942049898204	96.75
0.048358327165852893	97.0
0.048387233832723746	97.25
0.04841754371211937	97.5
0.048447853591514996	97.75
0.0484764653140188	98.0
0.048505077036522605	98.25
0.048535094264389796	98.5
0.048565111492256986	98.75
0.04859343270257232	99.0
0.04862175391288765	99.25
0.048651482874007466	99.5
0.04868121183512728	99.75
0.04870924687352237	100.0
0.04873728191191746	100.25
0.048766726900461625	100.5
0.04879617188900579	100.75
0.048823925006363525	101.0
0.04885167812372126	101.25
0.048880843345730444	101.5
0.04891000856773963	101.75
0.04893748392799237	102.0
0.048964959288245104	102.25
0.04899384886401934	102.5
0.04902273843979358	102.75
0.04904994012227214	103.0
0.049077141804750694	103.25
0.04910575977115621	103.5
0.04913437773756172	103.75
0.049161309739261715	104.0
0.04918824174096171	104.25
0.049216592053657506	104.5
0.0492449423663533	104.75
0.049271608604124224	105.0
0.04929827484189515	105.25
0.049326361377482114	105.5
0.04935444791306908	105.75
0.0493808522257274	106.0
0.049407256538385715	106.25
0.0494350830964839	106.5
0.04946290965458209	106.75
0.04948905580495247	107.0
0.04951520195532285	107.25
0.04954277226057688	107.5
0.049570342565830906	107.75
0.049596234242719625	108.0
0.049622125919608344	108.25
0.04964944362362664	108.5
0.04967676132764493	108.75
0.04970240214774612	109.0
0.04972804296784731	109.25
0.0497551116510765	109.5
0.049782180334305697	109.75
0.04980757384404569	110.0
0.04983296735378568	110.25
0.04985979052732293	110.5
0.04988661370086018	110.75
0.04991176337818051	111.0
0.049936913055500846	111.25
0.04996349416284742	111.5
0.049990075270193994	111.75
0.05001498452627684	112.0
0.050039893782359686	112.25
0.050066236201117345	112.5
0.050092578619875004	112.75
0.05011725080081233	113.0
0.05014192298174965	113.25
0.05016803002526276	113.5
0.05019413706877587	113.75
0.050218575457185395	114.0
0.050243013845594924	114.25
0.05026888876453982	114.5
0.05029476368348471	114.75
0.05031897150007463	115.0
0.05034317931666455	115.25
0.050368825300588636	115.5
0.05039447128451272	115.75
0.05041845168959672	116.0
0.050442432094680724	116.25
0.050467852273493215	116.5
0.050493272452305706	116.75
0.05051702854727055	117.0
0.05054078464223539	117.25
0.050565982087651166	117.5
0.050591179533066945	117.75
0.050614714361794606	118.0
0.05063824919052227	118.25
0.05066322691746116	118.5
0.050688204644400055	118.75
0.050711390898482735	119.0
0.050734577152565415	119.25
0.0507594699720165	119.5
0.05078436279146758	119.75
0.05080733371752246	120.0
0.050830304643577344	120.25
0.05085498362646951	120.5
0.05087966260936167	120.75
0.05090242108131	121.0
0.05092517955325832	121.25
0.050949647552308124	121.5
0.050974115551357925	121.75
0.05099666439672325	122.0
0.05101921324208857	122.25
0.05104347305842641	122.5
0.051067732874764245	122.75
0.05109007487007332	123.0
0.05111241686538239	123.25
0.051136471249753214	123.5
0.051160525634124036	123.75
0.05118266350609069	124.0
0.05120480137805735	124.25
0.051228653031985746	124.5
0.05125250468591414	124.75
0.05127444111258679	125.0
0.05129637753925944	125.25
0.05132002911618039	125.5
0.051343680693101336	125.75
0.05136541830497669	126.0
0.05138715591685205	126.25
0.051410610023207494	126.5
0.05143406412956294	126.75
0.05145560551066779	127.0
0.051477146891772636	127.25
0.05150040608807634	127.5
0.05152366528438005	127.75
0.051545012973319586	128.0
0.05156636066225912	128.25
0.05158942746412973	128.5
0.051612494266000335	128.75
0.051633650756976956	129.0
0.05165480724795358	129.25
0.05167768412711724	129.5
0.051700561006280905	129.75
0.051721528750081985	130.0
0.051742496493883065	130.25
0.051765185879146615	130.5
0.051787875264410164	130.75
0.05180865666936679	131.0
0.05182943807432342	131.25
0.05185194235251825	131.5
0.05187444663071308	131.75
0.051895044063630144	132.0
0.05191564149654721	132.25
0.05193796301344494	132.5
0.051960284530342675	132.75
0.05198070031740067	133.0
0.05200111610445867	133.25
0.05202325716565862	133.5
0.05204539822685857	133.75
0.052065634654487845	134.0
0.05208587108211712	134.25
0.05210783395390637	134.5
0.05212979682569562	134.75
0.052149856141422125	135.0
0.05216991545714863	135.25
0.0521917023673341	135.5
0.05221348927751957	135.75
0.05223337369078393	136.0
0.05225325810404829	136.25
0.052274871242760465	136.5
0.05229648438147264	136.75
0.05231619606441966	137.0
0.052335907747366676	137.25
0.05235734926783529	137.5
0.05237879078830391	137.75
0.05239833187654356	138.0
0.05241787296478321	138.25
0.0524391449840815	138.5
0.052460417003379785	138.75
0.05247978959671603	139.0
0.052499162190052275	139.25
0.05252026678981018	139.5
0.05254137138956808	139.75
0.0525605775526938	140.0
0.05257978371581951	140.25
0.05260072294289865	140.5
0.05262166216997779	140.75
0.05264070393313085	141.0
0.052659745696283906	141.25
0.052680521563411624	141.5
0.05270129743053934	141.75
0.05272017679011193	142.0
0.052739056149684514	142.25
0.05275967063603562	142.5
0.05278028512238673	142.75
0.052799004041476284	143.0
0.05281772296056584	143.25
0.05283817801227785	143.5
0.052858633063989864	143.75
0.05287719347287273	144.0
0.052895753881755596	144.25
0.05291603790919083	144.5
0.05293632193662607	144.75
0.05295474062386535	145.0
0.05297315931110463	145.25
0.052993287725139726	145.5
0.053013416139174825	145.75
0.053031680109066	146.0
0.05304994407895717	146.25
0.05306991873336583	146.5
0.053089893387774485	146.75
0.05310800447840078	147.0
0.05312611556902707	147.25
0.05314593828588317	147.5
0.053165761002739266	147.75
0.053183721021046855	148.0
0.053201681039354444	148.25
0.05322135360947783	148.5
0.05324102617960121	148.75
0.05325883690100054	149.0
0.05327664762239987	149.25
0.05329617180459418	149.5
0.05331569598678849	149.75
0.0533333591538618	150.0
0.05335102232093512	150.25
0.05337039983989611	150.5
0.0533897773588571	150.75
0.05340729467802256	151.0
0.05342481199718802	151.25
0.053444044538152304	151.5
0.053463277079116585	151.75
0.05348065021185867	152.0
0.05349802334460075	152.25
0.053517112538451005	152.5
0.05353620173230126	152.75
0.053553432268537024	153.0
0.05357066280477279	153.25
0.05358961996704775	153.5
0.05360857712932272	153.75
0.05362565834336268	154.0
0.05364273955740264	154.25
0.053661556440324054	154.5
0.05368037332324547	154.75
0.05369731457932618	155.0
0.05371425583540689	155.25
0.05373294250925585	155.5
0.05375162918310481	155.75
0.053770998189912086	156.0
0.05379036719671936	156.25
0.05380634646557762	156.5
0.053822325734435884	156.75
0.0538415589788309	157.0
0.05386079222322592	157.25
0.05387663630546673	157.5
0.05389248038770753	157.75
0.05391157925004585	158.0
0.053930678112384174	158.25
0.05394638854628384	158.5
0.05396209898018351	158.75
0.053981064986620156	159.0
0.0540000309930568	159.25
0.05401560929352064	159.5
0.054031187593984474	159.75
0.054050022247526516	160.0
0.05406885690106856	160.25
0.05408430456007127	160.5
0.054099752219073975	160.75
0.05411845700002517	161.0
0.05413716178097636	161.25
0.054152480268001096	161.5
0.05416779875502583	161.75
0.054186375121419286	162.0
0.05420495148781274	162.25
0.054220142250280344	162.5
0.054235333012747945	162.75
0.054253782400769716	163.0
0.05427223178879149	163.25
0.05428729625247798	163.5
0.054302360716164476	163.75
0.05432068454056832	164.0
0.054339008364972165	164.25
0.054353947934417814	164.5
0.05436888750386346	164.75
0.05438708715837354	165.0
0.05440528681288361	165.25
0.054420102871792976	165.5
0.05443491893070234	165.75
0.05445299578840803	166.0
0.05447107264611372	166.25
0.05448576655774507	166.5
0.05450046046937642	166.75
0.05451841588311816	167.0
0.054536371296859905	167.25
0.054550944404407414	167.5
0.054565517511954924	167.75
0.05458335281470084	168.0
0.05460118811744676	168.25
0.054615641744412156	168.5
0.05463009537137755	168.75
0.054647811876591804	169.0
0.05466552838180606	169.25
0.05467986383236295	169.5
0.054694199282919846	169.75
0.05471179828492287	170.0
0.05472939728692589	170.25
0.05474361584627549	170.5
0.05475783440562509	170.75
0.05477531717994442	171.0
0.05479279995426375	171.25
0.05480690288898387	171.5
0.05482100582370399	171.75
0.05483837362741868	172.0
0.05485574143113337	172.25
0.054869729989516745	172.5
0.05488371854790012	172.75
0.05490097261997754	173.0
0.05491822669205496	173.25
0.05493210210444278	173.5
0.05494597751683059	173.75
0.05496311907845392	174.0
0.05498026064007725	174.25
0.05499402411918472	174.5
0.05500778759829219	174.75
0.05502481785318259	175.0
0.05504184810807299	175.25
0.055055500849306514	175.5
0.055069153590540036	175.75
0.055086073725270496	176.0
0.055102993860000955	176.25
0.055116537041769435	176.5
0.055130080223537915	176.75
0.05514689140784167	177.0
0.05516370259214542	177.25
0.05517713737616405	177.5
0.05519057216018269	177.75
0.05520727554725294	178.0
0.05522397893432319	178.25
0.05523730646591156	178.5
0.05525063399749993	178.75
0.05526723072428488	179.0
0.055283827451069835	179.25
0.05529704885944235	179.5
0.05531027026781487	179.75
0.05532676145530484	180.0
0.055343252642794806	180.25
0.05535636904134625	180.5
0.05536948543989769	180.75
0.055385872193406974	181.0
0.05540225894691626	181.25
0.05541527143350003	181.5
0.0554282839200838	181.75
0.05544456732952643	182.0
0.05546085073896905	182.25
0.05547376039616955	182.5
0.05548667005337005	182.75
0.05550285119352947	183.0
0.055519032333688885	183.25
0.05553184022908896	183.5
0.05554464812448904	183.75
0.0555607280552821	184.0
0.055576807986075165	184.25
0.05558951517251635	184.5
0.05560222235895753	184.75
0.05561820212569296	185.0
0.05563418189242839	185.25
0.0556467894082678	185.5
0.0556593969241072	185.75
0.05567527755773753	186.0
0.055691158191367864	186.25
0.05570366706072813	186.5
0.055716175930088395	186.75
0.05573195844745863	187.0
0.05574774096482887	187.25
0.05576015219784256	187.5
0.05577256343085626	187.75
0.055788248834945826	188.0
0.055803934239035395	188.25
0.05581624883208583	188.5
0.055828563425136264	188.75
0.05584415270529622	189.0
0.05585974198545617	189.25
0.055871960921411466	189.5
0.05588417985736676	189.75
0.055899673989552964	190.0
0.05591516812173917	190.25
0.05592729237018249	190.5
0.055939416618625816	190.75
0.055954816565625544	191.0
0.05597021651262527	191.25
0.05598224703008053	191.5
0.05599427754753578	191.75
0.056009584259191045	192.0
0.05602489097084631	192.25
0.056036828700999096	192.5
0.056048766431151885	192.75
0.056063980844577505	193.0
0.056079195258003124	193.25
0.05609104113191551	193.5
0.05610288700582789	193.75
0.05611801004562628	194.0
0.056133133085424676	194.25
0.056144888021748295	194.5
0.05615664295807191	194.75
0.05617167553654131	195.0
0.056186708115010704	195.25
0.05619837302019362	195.5
0.05621003792537654	195.75
0.05622498094271713	196.0
0.05623992396005772	196.25
0.056251499728547524	196.5
0.05626307549703733	196.75
0.05627792984155225	197.0
0.05629278418606717	197.25
0.056304271700510305	197.5
0.056315759214953444	197.75
0.05633052576324529	198.0
0.05634529231153714	198.25
0.05635669244297432	198.5
0.05636809257441149	198.75
0.05638277219157619	199.0
0.05639745180874089	199.25
0.05640876541679751	199.5
0.05642007902485414	199.75
0.056434672564669594	200.0
0.05644926610448505	200.25
0.05646049403755975	200.5
0.05647172197063444	200.75
0.05648623027574619	201.0
0.05650073858085793	201.25
0.056511881676305095	201.5
0.05652302477175226	201.75
0.05653744867385575	202.0
0.05655187257595925	202.25
0.056562931660269385	202.5
0.05657399074457952	202.75
0.056588331064597645	203.0
0.05660267138461577	203.25
0.05661364727359267	203.5
0.056624623162569575	203.75
0.05663888071082771	204.0
0.05665313825908585	204.25
0.05666403175801893	204.5
0.05667492525695201	204.75
0.05668910083334921	205.0
0.05670327640974641	205.25
0.05671408831358046	205.5
0.05672490021741452	205.75
0.056738994611591494	206.0
0.05675308900576847	206.25
0.056763820099270355	206.5
0.05677455119277224	206.75
0.05678856518427567	207.0
0.0568025791757791	207.25
0.05681323023370032	207.5
0.056823881291621546	207.75
0.05683781565006652	208.0
0.0568517500085115	208.25
0.056862321795748225	208.5
0.05687289358298495	208.75
0.0568867490682124	209.0
0.05690060455343985	209.25
0.056911097825189993	209.5
0.05692159109694014	209.75
0.05693536845917245	210.0
0.05694914582140476	210.25
0.056959561323321986	210.5
0.05696997682523921	210.75
0.05698367680523222	211.0
0.05699737678522523	211.25
0.057007715253569395	211.5
0.05701805372191356	211.75
0.05703167705110648	212.0
0.0570453003802994	212.25
0.05705556254208507	212.5
0.057065824703870734	212.75
0.057079372104532275	213.0
0.057092919505193816	213.25
0.05710310607833475	213.5
0.05711329265147568	213.75
0.05712676483684802	214.0
0.057140237022220354	214.25
0.05715034871567285	214.5
0.05716046040912535	214.75
0.05717385808356518	215.0
0.057187255758005005	215.25
0.05719729327190679	215.5
0.05720733078580858	215.75
0.05722065464492559	216.0
0.0572339785040426	216.25
0.05724394252985031	216.5
0.05725390655565802	216.75
0.0572671572864505	217.0
0.05728040801724298	217.25
0.05729029923786684	217.5
0.0573001904584907	217.75
0.057313368739479	218.0
0.05732654702046731	218.25
0.05733636611040297	218.5
0.057346185200338635	218.75
0.05735929170169552	219.0
0.057372398203052406	219.25
0.05738214582851073	219.5
0.05739189345396905	219.75
0.057404928837648535	220.0
0.05741796422132802	220.25
0.057427641040361875	220.5
0.05743731785939573	220.75
0.057450282779258725	221.0
0.05746324769912172	221.25
0.05747285436175106	221.5
0.057482461024380406	221.75
0.05749535612631856	222.0
0.05750825122825671	222.25
0.057517788376591036	222.5
0.057527325524925364	222.75
0.05754015144698204	223.0
0.057552977369038714	223.25
0.05756244563739733	223.5
0.05757191390575595	223.75
0.05758467127824567	224.0
0.05759742865073538	224.25
0.057606828665765546	224.5
0.05761622868079571	224.75
0.05762891812642091	225.0
0.05764160757204611	225.25
0.057650717011775626	225.5
0.05765982645150514	225.75
0.05767267163524779	226.0
0.05768551681899043	226.25
0.05769455926112001	226.5
0.057703601703249584	226.75
0.05771638018619697	227.0
0.05772915866914436	227.25
0.05773813469347602	227.5
0.057747110717807686	227.75
0.0577598231004795	228.0
0.05777253548315132	228.25
0.0577814456867772	228.5
0.05779035589040308	228.75
0.05780300276615198	229.0
0.05781564964190088	229.25
0.05782449461479996	229.5
0.05783333958769903	229.75
0.05784592154282005	230.0
0.05785850349794106	230.25
0.05786728382308466	230.5
0.05787606414822826	230.75
0.057888581762062755	231.0
0.05790109937589725	231.25
0.05790981562935316	231.5
0.05791853188280908	231.75
0.057930985727848404	232.0
0.05794343957288773	232.25
0.05795209232392193	232.5
0.057960745074956126	232.75
0.05797313571694219	233.0
0.05798552635892825	233.25
0.0579941161701054	233.5
0.05800270598128255	233.75
0.058015033979307414	234.0
0.05802736197733228	234.25
0.05803588940461423	234.5
0.058044416831896185	234.75
0.05805668273849946	235.0
0.05806894864510274	235.25
0.05807741423794505	235.5
0.05808587983078737	235.75
0.05809808419205189	236.0
0.05811028855331641	236.25
0.05811869285476357	236.5
0.058127097156210734	236.75
0.058139240511856774	237.0
0.058151383867502814	237.25
0.058159727414281555	237.5
0.058168070961060296	237.75
0.05818015384453843	238.0
0.058192236728016565	238.25
0.058200520050627105	238.5
0.058208803373237646	238.75
0.05822082631181919	239.0
0.05823284925040074	239.25
0.05824107287320761	239.5
0.05824929649601448	239.75
0.05826126001088071	240.0
0.05827322352574694	240.25
0.05828138796706689	240.5
0.05828955240838684	240.75
0.058301457014717506	241.0
0.05831336162104817	241.25
0.058321467393237	241.5
0.05832957316542583	241.75
0.058341419372484604	242.0
0.05835326557954338	242.25
0.05836131318908229	242.5
0.0583693607986212	242.75
0.05838114910984027	243.0
0.05839293742105934	243.25
0.05840092736863852	243.5
0.0584089173162177	243.75
0.05842064822928188	244.0
0.05843237914234605	244.25
0.058440311922946596	244.5
0.05844824470354714	244.75
0.05845991871047477	245.0
0.0584715927174024	245.25
0.05847946882037886	245.5
0.058487344923355326	245.75
0.05849896251057879	246.0
0.05851058009780225	246.25
0.05851840000696178	246.5
0.0585262199161213	246.75
0.05853778156456653	247.0
0.05854934321301176	247.25
0.05855710740669179	247.5
0.05856487160037182	247.75
0.05857637778553616	248.0
0.058587883970700506	248.25
0.05859559292184638	248.5
0.05860330187299225	248.75
0.05861475306502092	249.0
0.058626204257049584	249.25
0.05863385843329001	249.5
0.05864151260953044	249.75
0.05865290927329088	250.0
0.05866430593705132	250.25
0.05867190580077396	250.5
0.058679505664496596	250.75
0.05869084825965201	251.0
0.05870219085480743	251.25
0.05870973686323145	251.5
0.05871728287165547	251.75
0.05872857185273904	252.0
0.058739860833822606	252.25
0.05874735343906975	252.5
0.05875484604431689	252.75
0.05876608186080214	253.0
0.058777317677287395	253.25
0.058784757326453836	253.5
0.05879219697562028	253.75
0.058803380071991346	254.0
0.058814563168362415	254.25
0.05882195030358833	254.5
0.05882933743881425	254.75
0.05884046825463475	255.0
0.05885159907045525	255.25
0.058858934128993054	255.5
0.05886626918753086	255.75
0.05887734815751204	256.0
0.058888427127493224	256.25
0.05889571054177482	256.5
0.05890299395605642	256.75
0.058914021510123815	257.0
0.05892504906419121	257.25
0.05893228126189448	257.5
0.058939513459597755	257.75
0.05895049002295646	258.0
0.05896146658631516	258.25
0.05896864799042905	258.5
0.05897582939454294	258.75
0.05898675538774282	259.0
0.0589976813809427	259.25
0.05900481240983101	259.5
0.05901194343871933	259.75
0.05902281927771798	260.0
0.05903369511671663	260.25
0.05904077618418084	260.5
0.059047857251645054	260.75
0.05905868334787062	261.0
0.05906950944409619	261.25
0.059076540959438595	261.5
0.059083572474781	261.75
0.05909434923519326	262.0
0.059105125995605516	262.25
0.059112108363688166	262.5
0.05911909073177082	262.75
0.05912981855892231	263.0
0.05914054638607381	263.25
0.05914748000738055	263.5
0.05915441362868729	263.75
0.05916509292078151	264.0
0.059175772212875725	264.25
0.05918265748356962	264.5
0.05918954275426352	264.75
0.05920017407514609	265.0
0.059210805396028666	265.25
0.059217642553270215	265.5
0.059224479710511764	265.75
0.059235063265902804	266.0
0.059245646821293844	266.25
0.05925243640510572	266.5
0.05925922598891759	266.75
0.05926976218075649	267.0
0.05928029837259539	267.25
0.05928704076654832	267.5
0.05929378316050125	267.75
0.05930427237015308	268.0
0.05931476157980491	268.25
0.059321457163374045	268.5
0.059328152746943176	268.75
0.05933859535170788	269.0
0.05934903795647258	269.25
0.05935568710509398	269.5
0.05936233625371538	269.75
0.05937273262688198	270.0
0.059383129000048586	270.25
0.05938973208517228	270.5
0.05939633517029597	270.75
0.05940668568119577	271.0
0.05941703619209556	271.25
0.05942359358123841	271.5
0.059430150970381256	271.75
0.05944045598443994	272.0
0.05945076099849863	272.25
0.05945727305529606	272.5
0.059463785112093485	272.75
0.05947404499088264	273.0
0.05948430486967179	273.25
0.05949077195392884	273.5
0.059497239038185885	273.75
0.059507454139473635	274.0
0.059517669240761385	274.25
0.05952409170850314	274.5
0.05953051417624489	274.75
0.059540684854045324	275.0
0.059550855531845755	275.25
0.059557233735366456	275.5
0.05956361193888716	275.75
0.059573738543509794	276.0
0.05958386514813243	276.25
0.05959019943604445	276.5
0.059596533723956464	276.75
0.059606616602054276	277.0
0.05961669948015209	277.25
0.05962299019743333	277.5
0.05962928091471457	277.75
0.05963932040933172	278.0
0.059649359903948866	278.25
0.05965560739199035	278.5
0.05966185488003183	278.75
0.059671851330649985	279.0
0.05968184778126814	279.25
0.05968805237792047	279.5
0.059694256974572805	279.75
0.05970421071715746	280.0
0.05971416445974211	280.25
0.059720326499360765	280.5
0.05972648853897942	280.75
0.05973639990602516	281.0
0.0597463112730709	281.25
0.059752431086561385	281.5
0.05975855090005187	281.75
0.05976842022062715	282.0
0.059778289541202435	282.25
0.05978436745606475	282.5
0.05979044537092707	282.75
0.059800272970717716	283.0
0.05981010057050836	283.25
0.059816136910880176	283.5
0.05982217325125199	283.75
0.059831959452604985	284.0
0.05984174565395798	284.25
0.059847740740658045	284.5
0.05985373582735811	284.75
0.05986348094932369	285.0
0.059873226071289275	285.25
0.05987918022185948	285.5
0.059885134372429684	285.75
0.05989483873080332	286.0
0.059904543089176955	286.25
0.059910456617924025	286.5
0.059916370146671095	286.75
0.059926034054035335	287.0
0.059935697961399574	287.25
0.05994157117943562	287.5
0.05994744439747166	287.75
0.05995706816323608	288.0
0.0599666919290005	288.25
0.05997252514428415	288.5
0.05997835835956781	288.75
0.0599879422900094	289.0
0.05999752622045099	289.25
0.06000331973782677	289.5
0.06000911325520255	289.75
0.06001865765350493	290.0
0.060028202051807304	290.25
0.06003395617304492	290.5
0.06003971029428253	290.75
0.06004921546057493	291.0
0.060058720626867325	291.25
0.060064435650699764	291.5
0.060070150674532204	291.75
0.060079616905928286	292.0
0.06008908313732437	292.25
0.060094759359486175	292.5
0.06010043558164798	292.75
0.0601098631722825	293.0
0.06011929076291702	293.25
0.060124928476182025	293.5
0.06013056618944703	293.75
0.06013995543051347	294.0
0.0601493446715799	294.25
0.060154944165797634	294.5
0.060160543660015366	294.75
0.060169894839802854	295.0
0.06017924601959034	295.25
0.06018480758172225	295.5
0.06019036914385415	295.75
0.06019968254778261	296.0
0.060208995951711065	296.25
0.06021451986586685	296.5
0.06022004378002264	296.75
0.060229319690679003	297.0
0.06023859560133537	297.25
0.06024408214880755	297.5
0.060249568696279725	297.75
0.06025880739345271	298.0
0.0602680460906257	298.25
0.06027349554992478	298.5
0.060278945009223865	298.75
0.06028814676993796	299.0
0.06029734853065206	299.25
0.06030276117754069	299.5
0.060308173824429316	299.75
0.06031733892297914	300.0
0.8443176131691044	300.0
0.8443322388561856	299.75
0.8443458032061061	299.5
0.8443593675560266	299.25
0.8443740720672613	299.0
0.8443887765784961	298.75
0.8444024200871222	298.5
0.8444160635957483	298.25
0.8444308475913271	298.0
0.844445631586906	297.75
0.8444593549181539	297.5
0.8444730782494019	297.25
0.8444879423969033	297.0
0.8445028065444047	296.75
0.844516610369631	296.5
0.8445304141948573	296.25
0.8445453591693509	296.0
0.8445603041438445	295.75
0.8445741891419507	295.5
0.8445880741400569	295.25
0.8446031006242102	295.0
0.8446181271083635	294.75
0.8446320939659021	294.5
0.8446460608234407	294.25
0.8446611695076267	294.0
0.8446762781918127	293.75
0.8446903276030967	293.5
0.8447043770143807	293.25
0.8447195685967861	293.0
0.8447347601791915	292.75
0.8447488928464046	292.5
0.8447630255136178	292.25
0.8447783007003555	292.0
0.8447935758870933	291.75
0.8448077925204011	291.5
0.8448220091537089	291.25
0.844837368658931	291.0
0.8448527281641531	290.75
0.8448670294818191	290.5
0.8448813307994851	290.25
0.8448967753454971	290.0
0.8449122198915091	289.75
0.8449266066200092	289.5
0.8449409933485093	289.25
0.8449565236658888	289.0
0.8449720539832684	288.75
0.8449865268574094	288.5
0.8450009997315504	288.25
0.8450166165592656	288.0
0.8450322333869809	287.75
0.8450467931500211	287.5
0.8450613529130613	287.25
0.8450770569985916	287.0
0.8450927610841219	286.75
0.8451074084878938	286.5
0.8451220558916657	286.25
0.8451378479911257	286.0
0.8451536400905857	285.75
0.84516837589562	285.5
0.8451831117006543	285.25
0.8451989925789188	285.0
0.8452148734571834	284.75
0.8452296984328354	284.5
0.8452445234084873	284.25
0.8452604938393201	284.0
0.8452764642701529	283.75
0.8452913791947315	283.5
0.8453062941193101	283.25
0.8453223548854932	283.0
0.8453384156516763	282.75
0.8453534213125753	282.5
0.8453684269734743	282.25
0.8453845788669397	282.0
0.8454007307604052	281.75
0.8454158279542371	281.5
0.845430925148069	281.25
0.8454471689700348	281.0
0.8454634127920007	280.75
0.8454786023247312	280.5
0.8454937918574617	280.25
0.8455101284185678	280.0
0.8455264649796739	279.75
0.8455417476667619	279.5
0.84555703035385	279.25
0.8455734604742982	279.0
0.8455898905947463	278.75
0.8456052672612829	278.5
0.8456206439278195	278.25
0.8456371684375157	278.0
0.8456536929472118	277.75
0.845669164428065	277.5
0.8456846359089181	277.25
0.8457012556476157	277.0
0.8457178753863133	276.75
0.8457334425262729	276.5
0.8457490096662326	276.25
0.8457657254836806	276.0
0.8457824413011286	275.75
0.8457981049550553	275.5
0.8458137686089819	275.25
0.8458305813650747	275.0
0.8458473941211675	274.75
0.845863155154143	274.5
0.8458789161871185	274.25
0.8458958267520481	274.0
0.8459127373169777	273.75
0.8459285966044595	273.5
0.8459444558919413	273.25
0.8459614651463526	273.0
0.8459784744007639	272.75
0.8459944328287419	272.5
0.8460103912567198	272.25
0.8460275000918679	272.0
0.8460446089270159	271.75
0.8460606673921721	271.5
0.8460767258573283	271.25
0.8460939351752403	271.0
0.8461111444931524	270.75
0.8461273039030227	270.5
0.846143463312893	270.25
0.8461607740265324	270.0
0.8461780847401719	269.75
0.8461943460133117	269.5
0.8462106072864515	269.25
0.8462280203198843	269.0
0.8462454333533171	268.75
0.8462617974194706	268.5
0.8462781614856241	268.25
0.8462956777741887	268.0
0.8463131940627533	267.75
0.8463296618630238	267.5
0.8463461296632944	267.25
0.846363750153776	267.0
0.8463813706442576	266.75
0.8463979431312835	266.5
0.8464145156183094	266.25
0.8464322412691146	266.0
0.8464499669199199	265.75
0.8464666450580561	265.5
0.8464833231961923	265.25
0.8465011552454597	265.0
0.846518987294727	264.75
0.8465435637692911	264.5
0.8465681402438552	264.25
0.8465782992166512	264.0
0.8465884581894472	263.75
0.8466131422406281	263.5
0.8466378262918091	263.25
0.8466480934124613	263.0
0.8466583605331135	262.75
0.8466831531610133	262.5
0.8467079457889131	262.25
0.8467183220644341	262.0
0.8467286983399551	261.75
0.8467536005571266	261.5
0.846778502774298	261.25
0.8467889892242585	261.0
0.846799475674219	260.75
0.846824488505864	260.5
0.846849501337509	260.25
0.846860098994235	260.0
0.8468706966509609	259.75
0.8468958211351263	259.5
0.8469209456192917	259.25
0.8469316555280668	259.0
0.846942365436842	258.75
0.8469676026246244	258.5
0.8469928398124069	258.25
0.8470036630316761	258.0
0.8470144862509452	257.75
0.847039837206698	257.5
0.8470651881624507	257.25
0.8470761257640292	257.0
0.8470870633656078	256.75
0.8471125291671501	256.5
0.8471379949686924	256.25
0.8471490480379797	256.0
0.8471601011072671	255.75
0.8471856828460996	255.5
0.8472112645849321	255.25
0.8472224342211281	255.0
0.847233603857324	254.75
0.8472593026388483	254.5
0.8472850014203726	254.25
0.8472962887366978	254.0
0.8473075760530231	253.75
0.8473333929967639	253.5
0.8473592099405047	253.25
0.847370616064428	253.0
0.8473820221883512	252.75
0.8474079584281845	252.5
0.8474338946680178	252.25
0.8474454207414837	252.0
0.8474569468149495	251.75
0.8474830034993349	251.5
0.8475090601837203	251.25
0.8475207073633847	251.0
0.8475323545430491	250.75
0.8475585328352653	250.5
0.8475847111274815	250.25
0.8475964805849511	250.0
0.8476082500424207	249.75
0.8476345511208054	249.5
0.8476608521991902	249.25
0.8476727451212669	249.0
0.8476846380433436	248.75
0.8477110631015418	248.5
0.8477374881597399	248.25
0.8477495057486667	248.0
0.8477615233375935	247.75
0.8477880735848077	247.5
0.8478146238320219	247.25
0.8478267673057374	247.0
0.8478389107794528	246.75
0.8478655874406981	246.5
0.8478922641019433	246.25
0.8479045346943404	246.0
0.8479168052867374	245.75
0.8479436096031031	245.5
0.8479704139194688	245.25
0.8479828128806591	245.0
0.8479952118418494	244.75
0.8480221450707631	244.5
0.8480490782996768	244.25
0.8480616068962584	244.0
0.84807413549284	243.75
0.848101198908341	243.5
0.848128262323842	243.25
0.8481409218391747	243.0
0.8481535813545074	242.75
0.848180776247523	242.5
0.8482079711405386	242.25
0.8482207628750219	242.0
0.8482335546095052	241.75
0.8482608822881336	241.5
0.8482882099667619	241.25
0.8483011352381218	241.0
0.8483140605094817	240.75
0.84834152229928	240.5
0.8483689840890782	240.25
0.8483820442326584	240.0
0.8483951043762386	239.75
0.8484227016205157	239.5
0.8484502988647928	239.25
0.8484634952338523	239.0
0.8484766916029118	238.75
0.8485044256630295	238.5
0.8485321597231472	238.25
0.848545493689164	238.0
0.8485588276551808	237.75
0.8485866999108591	237.5
0.8486145721665375	237.25
0.8486280451195172	237.0
0.8486415180724969	236.75
0.8486695299221277	236.5
0.8486975417717586	236.25
0.8487111551205506	236.0
0.8487247684693426	235.75
0.8487529213303081	235.5
0.8487810741912736	235.25
0.8487948293638935	235.0
0.8488085845365134	234.75
0.8488368798455119	234.5
0.8488651751545104	234.25
0.8488790735984701	234.0
0.8488929720424299	233.75
0.8489214112558074	233.5
0.848949850469185	233.25
0.8489638936518279	233.0
0.8489779368344708	232.75
0.8490065214285611	232.5
0.8490351060226515	232.25
0.8490492954314953	232.0
0.8490634848403391	231.75
0.8490922163118112	231.5
0.8491209477832833	231.25
0.8491352849263709	231.0
0.8491496220694585	230.75
0.8491785019356682	230.5
0.8492073818018779	230.25
0.8492218682081355	230.0
0.8492363546143931	229.75
0.849265384413745	229.5
0.8492944142130969	229.25
0.8493090514326985	229.0
0.8493236886523001	228.75
0.8493528699446175	228.5
0.8493820512369348	228.25
0.8493968408416757	228.0
0.8494116304464165	227.75
0.8494409648133163	227.5
0.8494702991802161	227.25
0.8494852427638943	227.0
0.8495001863475724	226.75
0.8495296753928516	226.5
0.8495591644381308	226.25
0.8495742636169229	226.0
0.849589362795715	225.75
0.8496190080775483	225.5
0.8496486533593817	225.25
0.8496642932038712	225.0
0.8496799330483606	224.75
0.8497093531663111	224.5
0.8497387732842616	224.25
0.8497545720192596	224.0
0.8497703707542577	223.75
0.8497999504987479	223.5
0.8498295302432382	223.25
0.8498454895544654	223.0
0.8498614488656926	222.75
0.8498911899332533	222.5
0.849920931000814	222.25
0.8499370525980243	222.0
0.8499531741952346	221.75
0.8499830783066281	221.5
0.8500129824180216	221.25
0.8500292680354353	221.0
0.8500455536528491	220.75
0.8500756225535068	220.5
0.8501056914541645	220.25
0.8501221428509106	220.0
0.8501385942476567	219.75
0.8501688297081262	219.5
0.8501990651685958	219.25
0.8502156841291652	219.0
0.8502323030897345	218.75
0.8502627069061371	218.5
0.8502931107225398	218.25
0.8503098990572469	218.0
0.8503266873919539	217.75
0.8503572613864508	217.5
0.8503878353809478	217.25
0.8504047949264041	217.0
0.8504217544718604	216.75
0.8504525004931308	216.5
0.8504832465144012	216.25
0.8505003791339979	216.0
0.8505175117535946	215.75
0.8505484316773243	215.5
0.850579351601054	215.25
0.8505966591854557	215.0
0.8506139667698573	214.75
0.8506450624992382	214.5
0.8506761582286191	214.25
0.8506936426962687	214.0
0.8507111271639183	213.75
0.8507424006301576	213.5
0.8507736740963969	213.25
0.8507913373940336	213.0
0.8508090006916702	212.75
0.8508404538545123	212.5
0.8508719070173545	212.25
0.850889751120541	212.0
0.8509075952237275	211.75
0.850939230071989	211.5
0.8509708649202505	211.25
0.8509888918339132	211.0
0.851006918747576	210.75
0.8510387372996902	210.5
0.8510705558518044	210.25
0.8510887676107856	210.0
0.8511069793697668	209.75
0.8511389836743437	209.5
0.8511709879789207	209.25
0.8511893866485443	209.0
0.8512077853181679	208.75
0.8512399774545639	208.5
0.85127216959096	208.25
0.8512907572676092	208.0
0.8513093449442584	207.75
0.8513417270231617	207.5
0.851374109102065	207.25
0.8513928879137745	207.0
0.8514116667254841	206.75
0.8514442408895119	206.5
0.8514768150535397	206.25
0.8514957871606004	206.0
0.8515147592676611	205.75
0.8515475276919716	205.5
0.8515802961162822	205.25
0.8515994637118611	205.0
0.8516186313074401	204.75
0.8516515962003588	204.5
0.8516845610932775	204.25
0.8517039264040516	204.0
0.8517232917148256	203.75
0.8517564553184853	203.5
0.851789618922145	203.25
0.8518091842089496	203.0
0.8518287494957542	202.75
0.8518621140867527	202.5
0.8518954786777513	202.25
0.8519152462362432	202.0
0.851935013794735	201.75
0.8519685816848048	201.5
0.8520021495748746	201.25
0.8520221217362136	201.0
0.8520420938975526	200.75
0.8520758674342495	200.5
0.8521096409709463	200.25
0.8521298201024905	200.0
0.8521499992340347	199.75
0.8521839808014405	199.5
0.8522179623688464	199.25
0.8522383508748642	199.0
0.852258739380882	198.75
0.8522929314003257	198.5
0.8523271234197694	198.25
0.8523477237421709	198.0
0.8523683240645725	197.75
0.8524027289953673	197.5
0.852437133926162	197.25
0.8524579485452453	197.0
0.8524787631643285	196.75
0.8525133835045284	196.5
0.8525480038447284	196.25
0.8525690352799451	196.0
0.8525900667151618	195.75
0.8526249050023362	195.5
0.8526597432895107	195.25
0.8526809941002496	195.0
0.8527022449109884	194.75
0.8527373037230149	194.5
0.8527723625350414	194.25
0.8527938353214319	194.0
0.8528153081078225	193.75
0.8528505900636988	193.5
0.8528858720195751	193.25
0.8529075694233116	193.0
0.8529292668270481	192.75
0.852964774587724	192.5
0.8530002823484	192.25
0.8530222070535831	192.0
0.8530441317587663	191.75
0.8530798680279984	191.5
0.8531156042972305	191.25
0.853137759031233	191.0
0.8531599137652355	190.75
0.8531958812904599	190.5
0.8532318488156843	190.25
0.8532542363500355	190.0
0.8532766238843867	189.75
0.8533128254576157	189.5
0.8533490270308446	189.25
0.8533716501821391	189.0
0.8533942733334337	188.75
0.8534307117921739	188.5
0.8534671502509141	188.25
0.8534900118817421	188.0
0.8535128735125701	187.75
0.8535495517407645	187.5
0.8535862299689589	187.25
0.8536093329888604	187.0
0.8536324360087619	186.75
0.8536693569377547	186.5
0.8537062778667475	186.25
0.8537296252331897	186.0
0.853752972599632	185.75
0.8537901392091599	185.5
0.8538273058186878	185.25
0.8538509005380704	185.0
0.8538744952574531	184.75
0.8539119105766576	184.5
0.8539493258958621	184.25
0.8539731710245457	184.0
0.8539970161532293	183.75
0.8540346832617007	183.5
0.8540723503701722	183.25
0.8540964490155315	183.0
0.8541205476608908	182.75
0.8541584696897372	182.5
0.8541963917185835	182.25
0.8542207470400914	182.0
0.8542451023615993	181.75
0.854283282494539	181.5
0.8543214626274787	181.25
0.8543460778378184	181.0
0.854370693048158	180.75
0.8544091345226458	180.5
0.8544475759971335	180.25
0.8544724543633369	180.0
0.8544973327295402	179.75
0.8545360388379204	179.5
0.8545747449463006	179.25
0.8545998897909185	179.0
0.8546250346355364	178.75
0.8546640087262275	178.5
0.8547029828169186	178.25
0.8547283975192203	178.0
0.8547538122215219	177.75
0.8547930577002324	177.5
0.8548323031789429	177.25
0.8548579911761487	177.0
0.8548836791733545	176.75
0.8549231995043289	176.5
0.8549627198353034	176.25
0.8549886846238508	176.0
0.8550146494123982	175.75
0.8550544481196988	175.5
0.8550942468269993	175.25
0.8551204919638403	175.0
0.8551467371006813	174.75
0.8551868177695036	174.5
0.8552268984383258	174.25
0.8552534275422614	174.0
0.855279956646197	173.75
0.8553203229242197	173.5
0.8553606892022423	173.25
0.8553875059552924	173.0
0.8554143227083426	172.75
0.8554549783071144	172.5
0.8554956339058861	172.25
0.8555227420546964	172.0
0.8555498502035066	171.75
0.8555907988998731	171.5
0.8556317475962396	171.25
0.8556591509535253	171.0
0.855686554310811	170.75
0.8557277999483768	170.5
0.8557690455859426	170.25
0.8557967480319766	170.0
0.8558244504780106	169.75
0.8558659969686425	169.5
0.8559075434592744	169.25
0.855935548943412	169.0
0.8559635544275495	168.75
0.8560054057529249	168.5
0.8560472570783004	168.25
0.8560755696205451	168.0
0.8561038821627898	167.75
0.856146042375984	167.5
0.8561882025891783	167.25
0.8562168262817965	167.0
0.8562454499744148	166.75
0.8562879232015341	166.5
0.8563303964286535	166.25
0.856359335437831	166.0
0.8563882744470086	165.75
0.8564310648888679	165.5
0.8564738553307272	165.25
0.8565031138982729	165.0
0.8565323724658187	164.75
0.8565754843996694	164.5
0.85661859633352	164.25
0.8566481787786182	164.0
0.8566777612237164	163.75
0.8567211990050208	163.5
0.8567646367863251	163.25
0.8567945475073352	163.0
0.8568244582283453	162.75
0.8568682262926038	162.5
0.8569119943568624	162.25
0.8569422378331731	162.0
0.8569724813094839	161.75
0.8570165841741118	161.5
0.8570606870387396	161.25
0.8570912678326781	161.0
0.8571218486266166	160.75
0.8571662908928762	160.5
0.8572107331591359	160.25
0.8572416559179262	160.0
0.8572725786767166	159.75
0.8573173650317075	159.5
0.8573621513866985	159.25
0.8573934208444808	159.0
0.8574246903022631	158.75
0.8574698255209684	158.5
0.8575149607396737	158.25
0.8575465817195834	158.0
0.8575782026994931	157.75
0.8576236916468836	157.5
0.857669180594274	157.25
0.8577011580105804	157.0
0.8577331354268869	156.75
0.857778983060203	156.5
0.857824830693519	156.25
0.8578571688901429	156.0
0.8578895070867667	155.75
0.8579312611125307	155.5
0.8579730151382947	155.25
0.8580101685248059	155.0
0.8580473219113172	154.75
0.8580894589394933	154.5
0.8581315959676694	154.25
0.8581691195989198	154.0
0.8582066432301703	153.75
0.8582491538383026	153.5
0.8582916644464349	153.25
0.8583295501941021	153.0
0.8583674359417692	152.75
0.8584103426251711	152.5
0.858453249308573	152.25
0.8584915171052068	152.0
0.8585297849018405	151.75
0.8585730763683977	151.5
0.858616367834955	151.25
0.8586550233372713	151.0
0.8586936788395876	150.75
0.8587373607493918	150.5
0.858781042659196	150.25
0.8588200915538913	150.0
0.8588591404485866	149.75
0.8589032185233307	149.5
0.8589472965980749	149.25
0.8589867446516589	149.0
0.8590261927052429	148.75
0.8590706727577488	148.5
0.8591151528102547	148.25
0.8591550058880136	148.0
0.8591948589657725	147.75
0.8592397469130792	147.5
0.859284634860386	147.25
0.8593248989360338	147.0
0.8593651630116816	146.75
0.8594104648825954	146.5
0.8594557667535092	146.25
0.8594964479154125	146.0
0.8595371290773157	145.75
0.8595828510177722	145.5
0.8596285729582287	145.25
0.8596696774141996	145.0
0.8597107818701706	144.75
0.8597569301461963	144.5
0.8598030784222219	144.25
0.8598446383204781	144.0
0.8598861982187342	143.75
0.8599327557339141	143.5
0.859979313249094	143.25
0.860021309192084	143.0
0.8600633051350739	142.75
0.8601103018661431	142.5
0.8601572985972123	142.25
0.8601997371790645	142.0
0.8602421757609167	141.75
0.8602896183668909	141.5
0.8603370609728651	141.25
0.8603799489219324	141.0
0.8604228368709996	140.75
0.8604707321470579	140.5
0.8605186274231162	140.25
0.8605619716059251	140.0
0.8606053157887339	139.75
0.8606536706701678	139.5
0.8607020255516018	139.25
0.8607458329768165	139.0
0.8607896404020312	138.75
0.8608384619682317	138.5
0.8608872835344321	138.25
0.8609315613568732	138.0
0.8609758391793143	137.75
0.8610251346578237	137.5
0.8610744301363331	137.25
0.8611191856610746	137.0
0.8611639411858161	136.75
0.8612137179564743	136.5
0.8612634947271325	136.25
0.8613087354136983	136.0
0.8613539761002642	135.75
0.8614042416994583	135.5
0.8614545072986524	135.25
0.861500240765328	135.0
0.8615459742320037	134.75
0.8615967363570394	134.5
0.861647498482075	134.25
0.8616937325103425	134.0
0.8617399665386101	133.75
0.8617912330522127	133.5
0.8618424995658154	133.25
0.8618892421049268	133.0
0.8619359846440382	132.75
0.8619877635789964	132.5
0.8620395425139546	132.25
0.8620868016856489	132.0
0.8621340608573431	131.75
0.8621863604212994	131.5
0.8622386599852556	131.25
0.8622864440886303	131.0
0.862334228192005	130.75
0.8623870567724071	130.5
0.8624398853528092	130.25
0.8624882028693542	130.0
0.8625365203858992	129.75
0.8625898865551164	129.5
0.8626432527243335	129.25
0.8626921123231358	129.0
0.8627409719219381	128.75
0.8627948844425524	128.5
0.8628487969631666	128.25
0.8628982075062936	128.0
0.8629476180494207	127.75
0.8630020858797021	127.5
0.8630565537099835	127.25
0.863106524258054	127.0
0.8631564948061246	126.75
0.8632115271056972	126.5
0.8632665594052698	126.25
0.8633170992232224	126.0
0.8633676390411751	125.75
0.8634232451768835	125.5
0.8634788513125919	125.25
0.8635299698756563	125.0
0.8635810884387207	124.75
0.8636372779907091	124.5
0.8636934675426975	124.25
0.8637451745425824	124.0
0.8637968815424673	123.75
0.8638536643104734	123.5
0.8639104470784795	123.25
0.863962752429784	123.0
0.8640150577810886	122.75
0.8640724437909714	122.5
0.8641298298008542	122.25
0.8641827436477145	122.0
0.8642356574945749	121.75
0.8642936570050787	121.5
0.8643516565155824	121.25
0.8644051892385631	121.0
0.8644587219615438	120.75
0.8645173454713152	120.5
0.8645759689810866	120.25
0.8646301312043286	120.0
0.8646842934275707	119.75
0.8647435516824357	119.5
0.8648028099373006	119.25
0.8648576125509262	119.0
0.8649124151645518	118.75
0.8649725487441275	118.5
0.8650326823237033	118.25
0.865087909532703	118.0
0.8651431367417026	117.75
0.8652039272981588	117.5
0.8652647178546149	117.25
0.8653206079567524	117.0
0.8653764980588898	116.75
0.8654379571262161	116.5
0.8654994161935423	116.25
0.8655559808647098	116.0
0.8656125455358772	115.75
0.8656746849271911	115.5
0.8657368243185051	115.25
0.8657940755181611	115.0
0.8658513267178172	114.75
0.8659141585341488	114.5
0.8659769903504804	114.25
0.8660349403306088	114.0
0.8660928903107372	113.75
0.8661564269501598	113.5
0.8662199635895824	113.25
0.8662786249040032	113.0
0.866337286218424	112.75
0.8664015403855437	112.5
0.8664657945526635	112.25
0.8665251800667134	112.0
0.8665845655807634	111.75
0.8666495502965899	111.5
0.8667145350124164	111.25
0.8667746579130176	111.0
0.8668347808136188	110.75
0.8669005094258296	110.5
0.8669662380380405	110.25
0.8670271118441757	110.0
0.8670879856503109	109.75
0.8671544718439349	109.5
0.8672209580375589	109.25
0.8672825966111728	109.0
0.8673442351847866	108.75
0.8674114929933217	108.5
0.8674787508018567	108.25
0.8675411683592056	108.0
0.8676035859165545	107.75
0.867671629733546	107.5
0.8677396735505374	107.25
0.8678028846740083	107.0
0.8678660957974793	106.75
0.8679349403885795	106.5
0.8680037849796798	106.25
0.8680678046301042	106.0
0.8681318242805287	105.75
0.8682014847960621	105.5
0.8682711453115954	105.25
0.8683359888410827	105.0
0.8684008323705699	104.75
0.8684713243586307	104.5
0.8685418163466916	104.25
0.8686074995120061	104.0
0.8686731826773206	103.75
0.8687445220974311	103.5
0.8688158615175416	103.25
0.8688824004940563	103.0
0.868948939470571	102.75
0.8690211427079267	102.5
0.8690933459452825	102.25
0.8691607573415362	102.0
0.8692281687377899	101.75
0.8693012526181263	101.5
0.8693743364984627	101.25
0.8694426373713525	101.0
0.8695109382442423	100.75
0.869584920049353	100.5
0.8696589018544636	100.25
0.8697281097251094	100.0
0.8697973175957552	99.75
0.8698722150796983	99.5
0.8699471125636413	99.25
0.8700172454339546	99.0
0.870087378304268	98.75
0.8701632097102977	98.5
0.8702390411163274	98.25
0.8703101174863268	98.0
0.8703811938563262	97.75
0.8704579779345888	97.5
0.8705347620128514	97.25
0.8706068008987615	97.0
0.8706788397846716	96.75
0.8707565958107082	96.5
0.8708343518367447	96.25
0.8709073727899271	96.0
0.8709803937431095	95.75
0.8710591415372102	95.5
0.8711378893313109	95.25
0.8712119124580681	95.0
0.8712859355848253	94.75
0.8713656955322837	94.5
0.8714454554797422	94.25
0.8715205014620486	94.0
0.8715955474443551	93.75
0.8716763405166743	93.5
0.8717571335889935	93.25
0.8718332237062042	93.0
0.8719093138234149	92.75
0.8719911616005249	92.5
0.872073009377635	92.25
0.8721501654182173	92.0
0.8722273214587997	91.75
0.8723085941477615	91.5
0.8723898668367234	91.25
0.8724711395256852	91.0
0.8725524122146471	90.75
0.8726336849036089	90.5
0.8727206944268203	90.25
0.8728052496999024	90.0
0.8728846350968174	89.75
0.8729640204937323	89.5
0.8730497050132461	89.25
0.8731353895327598	89.0
0.8732159166426666	88.75
0.8732964437525734	88.5
0.8733832819558102	88.25
0.8734701201590469	88.0
0.873551813795639	87.75
0.873633507432231	87.5
0.8737215245004407	87.25
0.8738095415686504	87.0
0.8738924273046609	86.75
0.8739753130406713	86.5
0.8740645349290567	86.25
0.874153756817442	86.0
0.8742378610154053	85.75
0.8743219652133687	85.5
0.8744124186826132	85.25
0.8745028721518577	85.0
0.8745882219964555	84.75
0.8746735718410532	84.5
0.8747652844904834	84.25
0.8748569971399136	84.0
0.8749436206720027	83.75
0.8750302442040918	83.5
0.8751232445065737	83.25
0.8752162448090557	83.0
0.8753041709614902	82.75
0.8753920971139246	82.5
0.8754864144526097	82.25
0.8755807317912947	82.0
0.8756699904266539	81.75
0.8757592490620132	81.5
0.8758549137690517	81.25
0.8759505784760901	81.0
0.8760412004264413	80.75
0.8761318223767924	80.5
0.8762288657741458	80.25
0.8763259091714992	80.0
0.8764179262803267	79.75
0.8765099433891541	79.5
0.8766083978316461	79.25
0.8767068522741381	79.0
0.8768002974405873	78.75
0.8768937426070365	78.5
0.8769936415277934	78.25
0.8770935404485503	78.0
0.8771884476741427	77.75
0.8772833548997352	77.5
0.8773847328581811	77.25
0.877486110816627	77.0
0.8775825152546173	76.75
0.8776789196926076	76.5
0.8777818124251882	76.25
0.8778847051577687	76.0
0.8779826431653278	75.75
0.8780805811728869	75.5
0.8781850256467187	75.25
0.8782894701205506	75.0
0.8783889793139738	74.75
0.8784884885073969	74.5
0.8785945229770463	74.25
0.8787005574466957	74.0
0.8788016767598511	73.75
0.8789027960730065	73.5
0.8790104600885409	73.25
0.8791181241040753	73.0
0.8792216458873843	72.75
0.8793251676706932	72.5
0.8794337511464829	72.25
0.8795423346222726	72.0
0.8796475484663889	71.75
0.8797527623105053	71.5
0.8798630588992394	71.25
0.8799733554879736	71.0
0.8800803046634572	70.75
0.8801872538389408	70.5
0.880299307584856	70.25
0.8804113613307711	70.0
0.8805200906969269	69.75
0.8806288200630827	69.5
0.8807426766374198	69.25
0.8808565332117568	69.0
0.8809670892952759	68.75
0.881077645378795	68.5
0.8811933521608739	68.25
0.8813090589429529	68.0
0.8814214900215644	67.75
0.881533921100176	67.5
0.8816515272636735	67.25
0.8817691334271709	67.0
0.8818834896187022	66.75
0.8819978458102335	66.5
0.8821174024150769	66.25
0.8822369590199202	66.0
0.8823532923771975	65.75
0.8824696257344748	65.5
0.8825911858248093	65.25
0.8827127459151438	65.0
0.8828311105272104	64.75
0.882949475139277	64.5
0.8830730938480027	64.25
0.8831967125567284	64.0
0.883317164656903	63.75
0.8834376167570777	63.5
0.8835633514175035	63.25
0.8836890860779294	63.0
0.8838116841592798	62.75
0.8839342822406302	62.5
0.8840621925058512	62.25
0.8841901027710721	62.0
0.8843149077099356	61.75
0.8844397126487991	61.5
0.8845698606194573	61.25
0.8847000085901155	61.0
0.8848270837783673	60.75
0.884954158966619	60.5
0.8850866093277854	60.25
0.8852190596889518	60.0
0.885348471175791	59.75
0.8854778826626302	59.5
0.8856127028306161	59.25
0.885747522998602	59.0
0.8858793396427093	58.75
0.8860111562868165	58.5
0.8861484165668154	58.25
0.8862856768468144	58.0
0.8864199704798285	57.75
0.8865542641128425	57.5
0.8866940378683962	57.25
0.8868338116239498	57.0
0.8869706572263136	56.75
0.8871075028286775	56.5
0.887249866664076	56.25
0.8873922304994746	56.0
0.8875317063898175	55.75
0.8876711822801604	55.5
0.8878162162370097	55.25
0.887961250193859	55.0
0.8881034382332215	54.75
0.888245626272584	54.5
0.8883934140419123	54.25
0.8885412018112406	54.0
0.8886861876235923	53.75
0.888831173435944	53.5
0.8889818025873887	53.25
0.8891324317388334	53.0
0.8892803049495117	52.75
0.88942817816019	52.5
0.8895817403899828	52.25
0.8897353026197756	52.0
0.8898861571136688	51.75
0.890037011607562	51.5
0.8901936030072446	51.25
0.8903501944069272	51.0
0.8905041286084489	50.75
0.8906580628099705	50.5
0.8908177841580116	50.25
0.8909775055060527	50.0
0.8911346226832133	49.75
0.8912917398603739	49.5
0.8914546969391351	49.25
0.8916176540178964	49.0
0.8917780626130741	48.75
0.8919384712082519	48.5
0.892104775149066	48.25
0.8922710790898802	48.0
0.8924348930802313	47.75
0.8925987070705823	47.5
0.8927684747300759	47.25
0.8929382423895695	47.0
0.8931055816804141	46.75
0.8932729209712587	46.5
0.8934462753424705	46.25
0.8936196297136823	46.0
0.8937906205686581	45.75
0.893961611423634	45.5
0.894138682085975	45.25
0.8943157527483161	45.0
0.8944905282606195	44.75
0.8946653037729229	44.5
0.8948462273855935	44.25
0.8950271509982641	44.0
0.8952058516079168	43.75
0.8953845522175694	43.5
0.8955694730617153	43.25
0.8957543939058612	43.0
0.895937167968665	42.75
0.8961199420314687	42.5
0.8963090126071407	42.25
0.8964980831828127	42.0
0.8966850875974962	41.75
0.8968720920121798	41.5
0.8970654736970806	41.25
0.8972588553819814	41.0
0.8974502562830468	40.75
0.8976416571841122	40.5
0.8978395209621942	40.25
0.8980373847402763	40.0
0.8982333582652272	39.75
0.8984293317901781	39.5
0.8986318590594444	39.25
0.8988343863287107	39.0
0.8990351194697471	38.75
0.8992358526107835	38.5
0.8994432360811646	38.25
0.8996506195515457	38.0
0.8998563111034751	37.75
0.9000620026554045	37.5
0.9002744473494103	37.25
0.9004868920434161	37.0
0.9006977536615275	36.75
0.9009086152796388	36.5
0.9011263396506687	36.25
0.9013440640216985	36.0
0.90156032132378	35.75
0.9017765786258614	35.5
0.9019991239345543	35.25
0.9022216692432472	35.0
0.9024442145519401	34.75
0.9026706233046329	34.5
0.9028970320573256	34.25
0.9031234408100184	34.0
0.9033538086685226	33.75
0.9035841765270267	33.5
0.9038167392983674	33.25
0.904049302069708	33.0
0.904285713077438	32.75
0.904522124085168	32.5
0.9047610030223744	32.25
0.9049998819595808	32.0
0.905242759979305	31.75
0.9054856379990293	31.5
0.9057311410855653	31.25
0.9059766441721013	31.0
0.9062263088233438	30.75
0.9064759734745862	30.5
0.9067290655151595	30.25
0.9069821575557329	30.0
0.9072352495963062	29.75
0.9074947532990968	29.5
0.9077542570018874	29.25
0.908013760704678	29.0
0.9082783304488453	28.75
0.9085429001930126	28.5
0.908810106438226	28.25
0.9090773126834394	28.0
0.9093499889647039	27.75
0.9096226652459684	27.5
0.9098953415272328	27.25
0.9101745474010338	27.0
0.9104537532748347	26.75
0.9107329591486356	26.5
0.9110185559742157	26.25
0.9113041527997957	26.0
0.9115897496253758	25.75
0.9118822241515424	25.5
0.9121746986777091	25.25
0.9124695105265094	25.0
0.9127666943446339	24.75
0.9130662856000621	24.5
0.9133683206098002	24.25
0.9136728365688498	24.0
0.913979871580475	23.75
0.914289464687838	23.5
0.9146016559070841	23.25
0.9149164862619549	23.0
0.9152339978200201	22.75
0.9155542337306204	22.5
0.9158772382646239	22.25
0.9162030568561014	22.0
0.9165317361460384	21.75
0.9168633240282057	21.5
0.9171978696973225	21.25
0.917535423699654	21.0
0.9178760379861968	20.75
0.9182197659686173	20.5
0.9185666625781201	20.25
0.9189167843274372	20.0
0.9192701893761449	19.75
0.9196269375995306	19.5
0.9199870906612491	19.25
0.9203507120900292	19.0
0.9207178673607113	18.75
0.9210886239799213	18.5
0.9214630515767099	18.25
0.9218412219985185	18.0
0.922223209412859	17.75
0.9226090904151337	17.5
0.9229989441430582	17.25
0.9233928523981871	17.0
0.9237908997750995	16.75
0.9241931737988401	16.5
0.9245997650712771	16.25
0.9250107674270994	16.0
0.9254262781002434	15.75
0.9258463979019453	15.5
0.9262712314088963	15.25
0.9267008871705235	15.0
0.9271354779227038	14.75
0.9275751208230909	14.5
0.9280199377018042	14.25
0.9284700553308246	14.0
0.9289256057140507	13.75
0.9293867263998444	13.5
0.9298535608182468	13.25
0.9303262586453006	13.0
0.9308049761972043	12.75
0.9312898768573542	12.5
0.931781131539711	12.25
0.9322789191923566	12.0
0.9327834273456076	11.75
0.9332948527098854	11.5
0.933813401826885	11.25
0.9343392917873448	11.0
0.9348727510096393	10.75
0.9354140201024835	10.5
0.9359633528092025	10.25
0.9365210170551909	10.0
0.9370872960954494	9.75
0.9376624898020441	9.5
0.9382469160687372	9.25
0.9388409124095092	9.0
0.9394448377098603	8.75
0.9400590743538273	8.5
0.9406840370658701	8.25
0.9413207276416178	8.0
0.9419706146618128	7.75
0.9426343982122317	7.5
0.9433113690525796	7.25
0.9440020351775533	7.0
0.9447035241113181	6.75
0.9454194246238865	6.5
0.9461540207385666	6.25
0.9469010229753675	6.0
0.9476648056864125	5.75
0.9484463222481142	5.5
0.9492466260239726	5.25
0.9500665159204139	5.0
0.9509080446158042	4.75
0.9517722716486644	4.5
0.9526608243008295	4.25
0.9535755402021041	4.0
0.9545185074599399	3.75
0.9554921153451038	3.5
0.9564991191445061	3.25
0.9575427242700014	3.0
0.9586267023632593	2.75
0.9597555099266452	2.5
0.96093731453291	2.25
0.9621729537165971	2.0
0.9634736182864825	1.75
0.9648497400614927	1.5
0.9663169220370045	1.25
0.9678894180842745	1.0
0.9695959852745288	0.75
0.9714629411144707	0.5
0.9735809781052877	0.25
0.9760516914567513	0.0
